1520
1.02852000619530e-03
-1.73590907139509e-05
1.81649630669101e-04
8.41371440541109e-06
1.79157068654098e-03
1.02965447636715e-05
1.77940882143268e-03
-4.76795822919819e-05
9.44700311014699e-04
3.60693498832472e-05
1.63443041375041e-03
4.38308035319811e-05
1.49648583631849e-03
-1.81857806031856e-04
1.10537114277060e-03
-3.51347201952676e-05
3.17758094589332e-03
-3.07945065319212e-04
2.59912322003256e-03
-3.47067983330368e-04
2.78646625234610e-03
-1.61221979482481e-04
3.58392292161858e-03
-2.76842652961967e-04
1.76652796586114e-03
-4.20636013330932e-04
1.53727763514022e-03
-2.13329742325993e-04
3.97081594117522e-03
-8.56904903750852e-04
3.08093991267589e-03
-7.72611333692332e-04
3.74156561045500e-03
-6.49598632745835e-04
4.69454868062851e-03
-9.30289636352356e-04
1.93747501758079e-03
-6.74404491009997e-04
1.78964329227823e-03
-4.57373576681685e-04
4.48446963869340e-03
-1.47940680821251e-03
3.39445257273963e-03
-1.21854060873774e-03
4.33663791339143e-03
-1.26237589388423e-03
5.42081931201326e-03
-1.70884022211338e-03
2.05169615442955e-03
-8.93916206776719e-04
1.94988563788918e-03
-7.09347681882565e-04
4.84887409031147e-03
-2.04382735256024e-03
3.61381592484265e-03
-1.59709827985416e-03
4.74706357377157e-03
-1.85925882766613e-03
5.94945171598024e-03
-2.43773289513623e-03
2.13128139677727e-03
-1.03967844553691e-03
2.05717053160149e-03
-9.21326813070056e-04
5.12815154150930e-03
-2.44323507138356e-03
3.77700816859905e-03
-1.83803198972114e-03
5.05404067633180e-03
-2.32488343891565e-03
6.36985474302860e-03
-2.97390086228344e-03
2.18871078417292e-03
-1.08175822081641e-03
2.13220613843098e-03
-1.05511739484756e-03
5.35551196370370e-03
-2.59484259115660e-03
3.90457533649616e-03
-1.88823030916179e-03
5.29900731796241e-03
-2.56820176518801e-03
6.72630650005308e-03
-3.20522349830666e-03
2.23125892226284e-03
-9.99586530010354e-04
2.18675966331531e-03
-1.08206547092152e-03
5.54763594781508e-03
-2.43948034774475e-03
4.00754575943055e-03
-1.71135062324116e-03
5.50313668887025e-03
-2.52195928865787e-03
7.03909421919466e-03
-3.04982618203017e-03
2.26315290173285e-03
-7.81729049702975e-04
2.22770039656022e-03
-9.82858747868973e-04
5.71161585339787e-03
-1.94099694265093e-03
4.09134999263260e-03
-1.28738062307208e-03
5.67616334822739e-03
-2.14212664081865e-03
7.31464812596400e-03
-2.45529562227372e-03
2.28674829126113e-03
-4.25593721692416e-04
2.25901074962520e-03
-7.47292097072906e-04
5.84869156685084e-03
-1.08551038602859e-03
4.15797185001898e-03
-6.12077074868462e-04
5.82095402521516e-03
-1.40720876140925e-03
7.55096442953250e-03
-1.39771308232157e-03
2.30321829129515e-03
6.29681335246954e-05
2.28289323563072e-03
-3.73966239449842e-04
5.95641687190235e-03
1.19591719128988e-04
4.20721429025366e-03
3.03802041703904e-04
5.93609181623827e-03
-3.17342653845933e-04
7.74073484444887e-03
1.19618639146988e-04
2.31298409513173e-03
6.70248271738381e-04
2.30042368390825e-03
1.30126362884868e-04
6.02999223880472e-03
1.64708316457279e-03
4.23749357570877e-03
1.43563068131117e-03
6.01743182758050e-03
1.10696125571951e-03
7.87325868315126e-03
2.06796461633274e-03
2.31601313769790e-03
1.37563132609403e-03
2.31196233088050e-03
7.50216110599815e-04
6.06315393251902e-03
3.45213500486662e-03
4.24639370668301e-03
2.74675784362338e-03
6.05910312570105e-03
2.82671978937182e-03
7.93569459727419e-03
4.39588232218933e-03
2.31210225086637e-03
2.15335818160793e-03
2.31744424445494e-03
1.46476458102788e-03
6.04890724061084e-03
5.47624899922293e-03
4.23120602275748e-03
4.19195053915272e-03
6.05424923419929e-03
4.78765539864315e-03
7.91401389795343e-03
7.03381914035683e-03
2.30152151149385e-03
2.97665144161389e-03
2.31667556616920e-03
2.24737752728092e-03
5.98071900149976e-03
7.65563203290685e-03
4.19020454060829e-03
5.72552386763122e-03
5.99587305617487e-03
6.92635811857338e-03
7.79416321528940e-03
9.90311408315328e-03
2.29033144322660e-03
3.83416047254410e-03
2.31015296515003e-03
3.07153073262431e-03
5.85946172644637e-03
9.94821008290318e-03
5.87928324836912e-03
9.18558034298800e-03
7.56551110504112e-03
1.29383891044136e-02
2.49357675891465e-03
1.99373872695825e-05
9.70910249950988e-04
5.07370703163540e-05
2.58042318155459e-03
5.58711579779355e-05
3.21618645732958e-03
-5.37945621119145e-05
1.05775667259208e-03
8.66708410249834e-05
1.84079805054428e-03
1.11063326478921e-04
4.43698568182195e-03
-4.82385329028078e-04
3.55663579874178e-03
-1.64780841352089e-04
4.80439618857470e-03
-4.97570682777186e-04
5.07508157264154e-03
-7.12007646941473e-04
3.92404630549526e-03
-1.79966195101194e-04
4.38789262192296e-03
-3.15217272359764e-04
5.61712409934986e-03
-1.31148251893327e-03
5.04792940521951e-03
-8.51335829963249e-04
6.24374946394024e-03
-1.46876776459653e-03
6.27777810755559e-03
-1.67103351778775e-03
5.67455476981039e-03
-1.00862107562660e-03
6.04886301758066e-03
-1.26803061898913e-03
6.43586807453026e-03
-2.22882647505523e-03
6.01830893318409e-03
-1.74918666088477e-03
7.29940625101958e-03
-2.55930587731712e-03
7.16173038670393e-03
-2.67189730076581e-03
6.88184710967315e-03
-2.07966606314682e-03
7.27651408583879e-03
-2.41254410752477e-03
7.07044974476071e-03
-3.03466878186993e-03
6.72887874214013e-03
-2.63807894886835e-03
8.17127897717368e-03
-3.51826538426442e-03
7.88670245744242e-03
-3.49875589772026e-03
7.82970797455290e-03
-3.12167555126290e-03
8.30592495023168e-03
-3.46534557211770e-03
7.60580479921474e-03
-3.56685812026177e-03
7.30419914157186e-03
-3.33589226242218e-03
8.95496542511175e-03
-4.14098585267250e-03
8.52850976229361e-03
-3.97776066231656e-03
8.65335976746764e-03
-3.91001999483243e-03
9.24940470443171e-03
-4.19311707225182e-03
8.08131628504286e-03
-3.69995669645221e-03
7.80453286347810e-03
-3.69769212949714e-03
9.68992256330773e-03
-4.26794676779895e-03
9.11873280300454e-03
-3.97605644288279e-03
9.41313914174313e-03
-4.26568220084425e-03
1.01517000421119e-02
-4.41138678019640e-03
8.51125647973617e-03
-3.34434852860773e-03
8.25608353841596e-03
-3.61487016848925e-03
1.03833684646402e-02
-3.78359458853312e-03
9.66367394152333e-03
-3.40071338688829e-03
1.01281955233216e-02
-4.05411622841577e-03
1.10184650673509e-02
-3.98323316033419e-03
8.89506186139595e-03
-2.44520741638139e-03
8.66549009275656e-03
-3.01420508361062e-03
1.10230514356569e-02
-2.61498074478143e-03
1.01543766749114e-02
-2.19746130097733e-03
1.07934796670183e-02
-3.18397841201151e-03
1.18316795246995e-02
-2.81780103178490e-03
9.22300881804951e-03
-9.81202572143976e-04
9.02753545877131e-03
-1.85672979212794e-03
1.15845424625736e-02
-7.30064180755245e-04
1.05723371390207e-02
-3.49082092525460e-04
1.13890691032955e-02
-1.60559140073929e-03
1.25584968122903e-02
-8.68481057161140e-04
9.47956158799576e-03
1.03722808176731e-03
9.32956618689253e-03
-1.36268087354375e-04
1.20356210288406e-02
1.86452703680141e-03
1.08929449379032e-02
2.12675562484684e-03
1.18856256277378e-02
6.91030867679583e-04
1.31565723834490e-02
1.86944745988706e-03
9.64545483082773e-03
3.57033572822873e-03
9.55417105004659e-03
2.12257598784488e-03
1.23390295512519e-02
5.12662828846847e-03
1.10876616446022e-02
5.18060968296927e-03
1.22477457704705e-02
3.67886854808454e-03
1.35773993710778e-02
5.36203561601019e-03
9.69908878493366e-03
6.55285089906366e-03
9.68089961581707e-03
4.86738860145513e-03
1.24543098772067e-02
8.98325072709090e-03
1.11255137390788e-02
8.73611391807690e-03
1.24361207080898e-02
7.29778842948112e-03
1.37684949611750e-02
9.54134267245075e-03
9.61764283035222e-03
9.90045214230595e-03
9.68749053511786e-03
8.02275665136983e-03
1.23391986493773e-02
1.33383239191093e-02
1.09743429630352e-02
1.26983409868684e-02
1.24090463541432e-02
1.14606284281728e-02
1.36749514966504e-02
1.43127329285210e-02
9.37847313116895e-03
1.35223950376482e-02
9.55108522953753e-03
1.14991085244373e-02
1.19510911130421e-02
1.80868835138800e-02
1.06024460117063e-02
1.69701907152681e-02
1.21237032114110e-02
1.60635970006679e-02
1.32407382276904e-02
1.95671792416815e-02
8.96102161530835e-03
1.73491556972095e-02
9.25071607560608e-03
1.52123274402102e-02
1.12476707325213e-02
2.31422248741806e-02
1.15373651928187e-02
2.10053966171829e-02
1.24094386765716e-02
2.52026168392592e-02
2.45446781261994e-03
1.08447188607821e-04
1.02814564305104e-03
9.71056958730229e-05
2.23080749942611e-03
1.49980772567220e-04
3.01577251372886e-03
3.76810205616382e-05
8.04485329857079e-04
1.38639279832539e-04
1.39152577638852e-03
1.95185608840724e-04
4.75472194021804e-03
-4.89873141472884e-04
3.79858428266010e-03
-1.28818182455869e-04
4.33242692335930e-03
-4.16437595666748e-04
5.03691535554063e-03
-7.11410367156642e-04
3.37628926580137e-03
-5.53826366496942e-05
3.51997729844522e-03
-1.62829934636680e-04
6.35140225191214e-03
-1.55271364135155e-03
5.63822251035352e-03
-1.00938708009216e-03
5.91332478250734e-03
-1.48285374743065e-03
6.54461406912033e-03
-1.84619337452485e-03
5.20014504094888e-03
-9.39527186171265e-04
5.14797785404896e-03
-1.12326128464833e-03
7.61809371067667e-03
-2.73660048199383e-03
7.00971121481586e-03
-2.17411476675510e-03
7.27649722649362e-03
-2.67822564665037e-03
7.83136019883080e-03
-3.02255147559606e-03
6.66811473063290e-03
-2.11573993141167e-03
6.57904761400641e-03
-2.29258224179363e-03
8.74863719447944e-03
-3.75214089048754e-03
8.17433301055970e-03
-3.30719768975528e-03
8.58569732240989e-03
-3.68897535948178e-03
9.04676422382224e-03
-3.95205773277178e-03
8.01139313848996e-03
-3.24403215874951e-03
7.98478587381148e-03
-3.33590237706748e-03
9.83042103594321e-03
-4.36266319129436e-03
9.26162022263376e-03
-4.14621138593159e-03
9.90918920040017e-03
-4.25758138431391e-03
1.02511506054392e-02
-4.40058087942221e-03
9.34038838709035e-03
-4.04112957895075e-03
9.43724941035174e-03
-3.97553963099922e-03
1.08895239988698e-02
-4.38285394804326e-03
1.03231916440224e-02
-4.48078390296771e-03
1.12545517719676e-02
-4.18106101354409e-03
1.14507354193156e-02
-4.18681433499716e-03
1.06882194171203e-02
-4.27899096846871e-03
1.09422551794146e-02
-3.98944436269991e-03
1.19154419286811e-02
-3.67728128863791e-03
1.13643044393566e-02
-4.15120333440989e-03
1.25910657910952e-02
-3.30927500378713e-03
1.26183422742650e-02
-3.18062723689498e-03
1.20399283017716e-02
-3.78319704955965e-03
1.24628936143550e-02
-3.20944023782469e-03
1.28750580973100e-02
-2.15866869626596e-03
1.23617997245267e-02
-3.04683908448718e-03
1.38635422302261e-02
-1.54293529896208e-03
1.37056988192922e-02
-1.30110228133566e-03
1.33502838574433e-02
-2.43110568718383e-03
1.39346465048400e-02
-1.51917652442457e-03
1.37209016537724e-02
2.14246006589876e-04
1.32746179189262e-02
-1.10423433742512e-03
1.50009381961719e-02
1.16885148043582e-03
1.46509499621812e-02
1.48592049866079e-03
1.45546544613260e-02
-1.49628863579174e-04
1.52749916077909e-02
1.14836060356177e-03
1.43962237399564e-02
3.43949740736180e-03
1.40501923231601e-02
1.69532233498353e-03
1.59218245153400e-02
4.83174139070360e-03
1.53833798181798e-02
5.17105908832460e-03
1.55757930985440e-02
3.08756631832538e-03
1.63895607256712e-02
4.81399059862157e-03
1.48382218484954e-02
7.47570491604696e-03
1.46284638865059e-02
5.32904345769703e-03
1.65379229699578e-02
9.41038926058295e-03
1.58264607293124e-02
9.70580441613068e-03
1.63281650079682e-02
7.26372780223278e-03
1.71761386650721e-02
9.45645523329410e-03
1.49801772633991e-02
1.22475910977935e-02
1.49444911029442e-02
9.73722963312337e-03
1.67564609686909e-02
1.48344052022016e-02
1.58998996426930e-02
1.50089077660065e-02
1.67207748082361e-02
1.23240437375306e-02
1.75273088670544e-02
1.50180244475848e-02
1.47529616143846e-02
1.76544457999172e-02
1.49302433667938e-02
1.48301664059445e-02
1.64817826930619e-02
2.10070991280006e-02
1.55210778657243e-02
2.09760889863268e-02
1.66590644454709e-02
1.81828197340282e-02
1.73322268373711e-02
2.14123874691490e-02
1.40861395603588e-02
2.35836880111038e-02
1.45159620054184e-02
2.04991893067393e-02
1.56163719523495e-02
2.78185368549122e-02
1.46059429819504e-02
2.74950342851671e-02
1.60461943974091e-02
2.47340381505474e-02
1.64777527580593e-02
2.85358848643545e-02
1.29082827589240e-02
2.99318330670087e-02
1.36309558068410e-02
2.66348543625175e-02
1.40610171255935e-02
3.51635396776481e-02
1.47836901735088e-02
3.18665609731613e-02
1.48488726383121e-02
3.62825749253414e-02
1.64584575367552e-03
2.34167927513798e-04
7.46503216046272e-04
1.45244342829341e-04
1.25511194015043e-03
2.77945396349958e-04
1.90196342339852e-03
2.02262050002886e-04
3.55769402521620e-04
1.89021811666166e-04
5.88510278668079e-04
2.88250162185930e-04
3.46721235876620e-03
-2.65231076986442e-04
2.74739537186725e-03
3.67498706519794e-05
2.58642799424776e-03
-1.25525830986457e-04
3.42340436814629e-03
-4.22215882027258e-04
1.86661100734935e-03
1.76455116652213e-04
1.68017223615977e-03
1.32464599086000e-04
4.98687266314096e-03
-1.27027985090944e-03
4.31930406097146e-03
-7.81509722810122e-04
3.88027625740557e-03
-1.02442558440423e-03
4.83399655267529e-03
-1.44240103400875e-03
3.21270765523623e-03
-5.35655456304952e-04
2.82979214384964e-03
-6.04562882896467e-04
6.44054208508484e-03
-2.39560930045098e-03
5.74516014499812e-03
-1.89600227840233e-03
5.29535629650871e-03
-2.03276345840376e-03
6.30338374391727e-03
-2.48671067041909e-03
4.59997435642210e-03
-1.53315643635526e-03
4.17794133220424e-03
-1.52770187147884e-03
7.95149674905229e-03
-3.31451382832844e-03
7.19276070385514e-03
-2.95252755526544e-03
6.90362030367018e-03
-2.82230124681647e-03
7.90688821890940e-03
-3.24159589414095e-03
6.14488425847292e-03
-2.46031497375347e-03
5.78770083749994e-03
-2.29857507543581e-03
9.55731548806963e-03
-3.75742808055644e-03
8.73370586124154e-03
-3.65478980716336e-03
8.70561816242068e-03
-3.12093550872498e-03
9.64775513207087e-03
-3.44992254088583e-03
7.88200853559268e-03
-3.01829723533208e-03
7.65289419095201e-03
-2.63393131409785e-03
1.12372619425353e-02
-3.51022631971761e-03
1.03709258160238e-02
-3.76279370261981e-03
1.06497150683067e-02
-2.71086957449737e-03
1.14790900163311e-02
-2.90914750616819e-03
9.78337894179493e-03
-2.96343695739954e-03
9.71409309201837e-03
-2.30379987454045e-03
1.29322063217206e-02
-2.41229256278095e-03
1.20612132766423e-02
-3.09104405573233e-03
1.26480996417552e-02
-1.42651784932111e-03
1.33202648367120e-02
-1.46922077618476e-03
1.17771065966774e-02
-2.10526934227316e-03
1.18738395501215e-02
-1.12937987039928e-03
1.45578226769946e-02
-3.54251191606357e-04
1.37308654128070e-02
-1.50646168794366e-03
1.45883905693249e-02
8.47961160145154e-04
1.50681459592707e-02
9.69905735741869e-04
1.37614333051374e-02
-3.04249336191832e-04
1.40083935406774e-02
1.01942592525664e-03
1.60131724854879e-02
2.72480432719760e-03
1.52860306348163e-02
1.07412095043017e-03
1.63416356808383e-02
4.18165610847148e-03
1.66045855352035e-02
4.46133416007909e-03
1.56144938301669e-02
2.53097273170349e-03
1.59760993209934e-02
4.22696588974644e-03
1.71862988855280e-02
6.84080735312073e-03
1.66194926290836e-02
4.68707698563204e-03
1.77677204096955e-02
8.60062556593794e-03
1.78013919341539e-02
9.01507890761650e-03
1.72009141532513e-02
6.44689519844908e-03
1.76231500907670e-02
8.53546262704792e-03
1.79578993921315e-02
1.19692700276622e-02
1.76151303293715e-02
9.32599440010012e-03
1.87189993250287e-02
1.40926454071466e-02
1.85236339619923e-02
1.46030752704452e-02
1.83762302622690e-02
1.14493697795834e-02
1.87874995694040e-02
1.39495437472368e-02
1.82037660780062e-02
1.80513921420250e-02
1.81508774825455e-02
1.49470084877406e-02
1.90427304986849e-02
2.06133881726661e-02
1.86318428546802e-02
2.11658321935821e-02
1.89898419032257e-02
1.75090045183782e-02
1.93014953549516e-02
2.04419970521341e-02
1.77963938966326e-02
2.50024086370452e-02
1.81006986355784e-02
2.14760969276112e-02
1.85826650781247e-02
2.80945031872941e-02
1.79834363458785e-02
2.86213150590189e-02
1.88869698170720e-02
2.45681914778561e-02
1.89936124378175e-02
2.79610950692828e-02
1.66059398826306e-02
3.27228403904505e-02
1.73358574666428e-02
2.88191423086049e-02
1.71799675316200e-02
3.64538456032310e-02
1.64334876864990e-02
3.68763459402312e-02
1.79098851156357e-02
3.25501475213768e-02
1.76895039143520e-02
3.64396627502953e-02
1.45005087033938e-02
4.11123699536483e-02
1.57255033748094e-02
3.68751189544346e-02
1.46735256517376e-02
4.56070999137492e-02
1.58985203231585e-02
4.13698489145205e-02
1.52124729652655e-02
4.58053719218535e-02
4.25505687352007e-04
3.82360187783956e-04
2.84105778115287e-04
1.92181327981875e-04
-4.26340867399526e-05
4.25108750900714e-04
2.98022439374284e-04
4.15377418455109e-04
-1.84033995976931e-04
2.34929891099139e-04
-3.79899426712226e-04
3.82485605334298e-04
1.25456032222259e-03
1.31133898067289e-04
9.67499014611496e-04
2.95835911018533e-04
1.41746732412081e-04
3.15224862547354e-04
9.03115954181418e-04
7.97934561129477e-05
-1.45314575199174e-04
4.79926875498734e-04
-6.53150569976820e-04
5.23801386457936e-04
2.32007480326243e-03
-5.88125340215733e-04
1.84496685648919e-03
-2.60390907586038e-04
8.46269256622733e-04
-2.16331555542979e-04
1.90529519456645e-03
-6.01395745827395e-04
3.71161309849503e-04
1.11402877086693e-04
-2.68530493000341e-04
1.81805091734168e-04
3.70809781219500e-03
-1.40041198560390e-03
3.02867122697001e-03
-1.07601257053478e-03
2.08702126238047e-03
-8.15692230910104e-04
3.33925183174626e-03
-1.27664989359665e-03
1.40759467715553e-03
-4.91292815841027e-04
7.66481840308819e-04
-2.92866156056005e-04
5.43691449004562e-03
-1.98534857149319e-03
4.56476600784324e-03
-1.80593978150092e-03
3.82753506787858e-03
-1.17928960459445e-03
5.18063490912312e-03
-1.64661491273131e-03
2.95538658567642e-03
-9.99880814602365e-04
2.39913651427080e-03
-5.97208417625517e-04
7.46478276961914e-03
-2.07545089072897e-03
6.43570631461222e-03
-2.15884639318900e-03
5.98286148558149e-03
-1.05202670778717e-03
7.35382996021234e-03
-1.46227994038536e-03
4.95378503057475e-03
-1.13542221024726e-03
4.53188715715758e-03
-4.74021985704767e-04
9.70355864278488e-03
-1.45415588149708e-03
8.57206593597445e-03
-1.89531842314086e-03
8.42886695036097e-03
-2.25199880827035e-04
9.74356712008154e-03
-5.22877885015606e-04
7.29737424355078e-03
-6.66362422471076e-04
7.02922625986962e-03
2.90156900031522e-04
1.20316458956333e-02
4.64460492511733e-05
1.08658495327712e-02
-8.25740763278872e-04
1.10120686283009e-02
1.46589071756373e-03
1.22057615065092e-02
1.32654106114369e-03
9.84627226543903e-03
5.93703905033456e-04
9.72630924161239e-03
1.86742501029734e-03
1.43041209086502e-02
2.54827024132620e-03
1.31816999160541e-02
1.19215916570263e-03
1.35579212621594e-02
4.14473628634583e-03
1.45760613660265e-02
4.19796623525221e-03
1.24355002695633e-02
2.78862521072246e-03
1.24368079303960e-02
4.39126607907642e-03
1.63600422728181e-02
6.13042414203270e-03
1.53652932909015e-02
4.25622928006766e-03
1.58771172974802e-02
7.89694293748894e-03
1.66760948297841e-02
8.16385158257505e-03
1.48823683155641e-02
6.02274807552336e-03
1.49591384252208e-02
7.95979651870101e-03
1.80275380669228e-02
1.08330943147067e-02
1.72493027586466e-02
8.42343068969338e-03
1.77701248069805e-02
1.27742335339254e-02
1.83178608900928e-02
1.32612805438356e-02
1.69918894987045e-02
1.03645699089119e-02
1.70810617642974e-02
1.26396316415401e-02
1.91272799662886e-02
1.66623555012353e-02
1.86575209037482e-02
1.37141999841407e-02
1.90303547468646e-02
1.87993027529631e-02
1.93067468057854e-02
1.94970777911153e-02
1.85605956843247e-02
1.58511472358671e-02
1.85829451780963e-02
1.84705137889779e-02
1.94748223024730e-02
2.35961627299941e-02
1.94076663657250e-02
2.01178958072756e-02
1.94463149401073e-02
2.59716987676982e-02
1.94435545428627e-02
2.68540763229399e-02
1.93791590033615e-02
2.24934318449763e-02
1.92400040711832e-02
2.54708338808363e-02
1.88821223374190e-02
3.15917399241454e-02
1.93132496248873e-02
2.75995998749116e-02
1.88030120683747e-02
3.42748046341955e-02
1.85257951687541e-02
3.52986295680996e-02
1.92341393558444e-02
3.02826645849584e-02
1.88237840416896e-02
3.36440928771767e-02
1.71584319877169e-02
4.05943042894316e-02
1.81847356660505e-02
3.61083942079214e-02
1.68827728961022e-02
4.36836864615029e-02
1.63484099815613e-02
4.47890710020360e-02
1.79090765744364e-02
3.91977763799908e-02
1.71030628044427e-02
4.29861133396978e-02
1.41106743845264e-02
5.05463517152706e-02
1.58301339267728e-02
4.55866951778257e-02
1.34656126405529e-02
5.41729766357093e-02
1.51850721828079e-02
4.92133200982449e-02
1.38443047749858e-02
5.34923631683298e-02
-9.68230240044785e-04
5.38795827756479e-04
-2.59229823467786e-04
2.35050090653879e-04
-1.44978416721901e-03
5.77494793662139e-04
-1.50242289431261e-03
6.53316480869667e-04
-7.40783750642298e-04
2.73749056559329e-04
-1.37939039451126e-03
4.70654666368605e-04
-1.39973603470237e-03
6.40328266390011e-04
-1.15209095719475e-03
6.13304591837991e-04
-2.57830493550708e-03
8.47734394667979e-04
-2.02995712769017e-03
7.20885105616088e-04
-2.33065985799953e-03
8.20710720115854e-04
-3.12881678688239e-03
9.66038842451817e-04
-1.03265738424612e-03
3.72713148631846e-04
-1.21809116303387e-03
4.63500043368119e-04
-2.64148293313699e-03
8.21878007268257e-04
-1.64214695632626e-03
5.38594090741159e-04
-2.82691671192497e-03
9.12664902004513e-04
-3.65600071697825e-03
1.13273224141764e-03
8.22786448121150e-05
5.88786468078722e-05
-4.93455478784927e-04
1.28374978643335e-04
-1.74983638516879e-03
7.85131457561646e-04
-4.29260646011811e-04
4.00481557086145e-04
-2.32557050876578e-03
8.54627789397158e-04
-3.09497417429618e-03
1.24174178060470e-03
1.85439641450334e-03
-2.20941336818528e-05
9.47811190841988e-04
-9.40364096589145e-05
-4.43236761390218e-05
9.85726860986539e-04
1.48311507886513e-03
5.60551834776976e-04
-9.50908899800370e-04
9.13784585009396e-04
-1.60489543626579e-03
1.53095502767186e-03
4.15424023369373e-03
3.66957276364332e-04
2.99193267843241e-03
5.14234993575128e-05
2.30397411963366e-03
1.63692539113017e-03
3.93617549844039e-03
1.23480500361362e-03
1.14166656437247e-03
1.32139161412337e-03
6.28622107024499e-04
2.20712665329907e-03
6.81967229692519e-03
1.42346143676693e-03
5.48981857740280e-03
7.79090809030600e-04
5.09795322522976e-03
2.91927886023758e-03
6.74347345152180e-03
2.60354091932652e-03
3.76809950570738e-03
2.27490823250107e-03
3.39611242748349e-03
3.44810948911082e-03
9.66328499197400e-03
3.30762059258541e-03
8.26411571890212e-03
2.26482385411254e-03
8.11990060497728e-03
4.98321960988741e-03
9.69726053412246e-03
4.81401051859636e-03
6.72073133190520e-03
3.94042287141495e-03
6.46864628692072e-03
5.40539791186585e-03
1.24791162352245e-02
6.14532735501308e-03
1.11162498218184e-02
4.64871448234561e-03
1.11366650349018e-02
7.95206234806391e-03
1.25741368464174e-02
7.98350245605522e-03
9.77379862149570e-03
6.45544947539661e-03
9.60241266220694e-03
8.20706202108199e-03
1.50479850656699e-02
1.00315934519270e-02
1.38323163651572e-02
8.03826398473842e-03
1.39039233996039e-02
1.19255089982883e-02
1.51395237402081e-02
1.22029650745967e-02
1.26882546990913e-02
9.93217953109966e-03
1.25426817920005e-02
1.19611548577755e-02
1.71414425242455e-02
1.50346054477541e-02
1.61875800249369e-02
1.25121375250668e-02
1.61694221792666e-02
1.69837499518457e-02
1.71509749520490e-02
1.75412668622590e-02
1.52155596799579e-02
1.44612820291587e-02
1.50269028561429e-02
1.67596749911828e-02
1.85245743553337e-02
2.12005201125844e-02
1.79497332519023e-02
1.81246177404345e-02
1.76753150820164e-02
2.31922371931224e-02
1.83605217931208e-02
2.40501809513606e-02
1.71004739785848e-02
2.01163348209726e-02
1.67869792144609e-02
2.26831472558261e-02
1.89579206726681e-02
2.85590742324087e-02
1.88811704642965e-02
2.49108638840790e-02
1.81597741602732e-02
3.06071450116768e-02
1.85162669827278e-02
3.17701123753415e-02
1.80830239519018e-02
2.69589346633470e-02
1.75508577010847e-02
2.98058289142312e-02
1.81987293017241e-02
3.71299620397931e-02
1.87405119520611e-02
3.28930043708298e-02
1.73580407183486e-02
3.92814010818868e-02
1.73634054405607e-02
4.07364290835576e-02
1.78998233686847e-02
3.50444434129253e-02
1.70435812484127e-02
3.82014369393058e-02
1.60016995125736e-02
4.69296766904964e-02
1.72835552488268e-02
4.20868928107718e-02
1.50030447942239e-02
4.92709314327166e-02
1.46448054420459e-02
5.09859739638254e-02
1.62849005304782e-02
4.44281475529896e-02
1.49879273261490e-02
4.79490959252527e-02
1.21193385809128e-02
5.79781046783811e-02
1.42637866931233e-02
5.25089933764420e-02
1.08256999365570e-02
6.06404456187458e-02
1.29701480487784e-02
5.51713343167828e-02
1.11047320128346e-02
5.91389474641419e-02
-2.36168040561326e-03
6.90141430756366e-04
-8.12064458003438e-04
2.71271519683343e-04
-2.80930995329565e-03
7.22103220860540e-04
-3.28261892491923e-03
8.93655168232913e-04
-1.25969400568610e-03
3.03233309787373e-04
-2.31057177539720e-03
5.46225765914819e-04
-4.13423922867744e-03
1.20566285485389e-03
-3.32488517717389e-03
9.55551791560877e-04
-5.25323831045985e-03
1.41634043997252e-03
-5.00013299215779e-03
1.43003919657041e-03
-4.44388425895655e-03
1.16622937667944e-03
-5.48209414391061e-03
1.41621073908520e-03
-4.59053853632690e-03
1.49492652659760e-03
-4.43540699051837e-03
1.30265634465700e-03
-6.15398359773762e-03
1.97468397390888e-03
-5.33436621602742e-03
1.84367370442070e-03
-5.99885205192905e-03
1.78241379196825e-03
-6.95108425085740e-03
2.14890026046061e-03
-3.89814697890736e-03
1.79760561053743e-03
-4.30389328759881e-03
1.56427485504782e-03
-5.72808250448626e-03
2.58769472871518e-03
-4.48261985429828e-03
2.34369416707433e-03
-6.13382881317759e-03
2.35436397322560e-03
-6.95524554325125e-03
2.91154051054745e-03
-2.24627787601560e-03
2.32519978361149e-03
-3.11075636447937e-03
1.96300493283840e-03
-4.20708119325184e-03
3.42630550321602e-03
-2.66084062028006e-03
3.11579615580995e-03
-5.07155968171557e-03
3.06411065244293e-03
-5.74334994962184e-03
3.85631448511438e-03
1.53618088791764e-04
3.26310556261146e-03
-1.05875516529084e-03
2.69432266301852e-03
-1.83799751627378e-03
4.64393638722976e-03
-1.03389266621662e-04
4.32439280327819e-03
-3.05037077035623e-03
4.07515348763674e-03
-3.57629112252479e-03
5.12242391130883e-03
3.07028267901536e-03
4.77294752307777e-03
1.62842616217842e-03
3.92878219300246e-03
1.11824670031172e-03
6.37887084697933e-03
2.93932677087565e-03
6.11505107404056e-03
-3.23609816525280e-04
5.53470551690409e-03
-7.26307989476665e-04
6.83841541326963e-03
6.25638817363214e-03
6.99524002733653e-03
4.70953154305999e-03
5.81451172175606e-03
4.38932852511639e-03
8.75696326968889e-03
6.20403698093872e-03
8.61727938368834e-03
2.84247189454406e-03
7.57623496410862e-03
2.52478768364529e-03
9.12482091919708e-03
9.45234867050107e-03
1.00524571089410e-02
7.92957875757078e-03
8.48008177205978e-03
7.69413753322869e-03
1.18947536002111e-02
9.41771739707506e-03
1.19477421261949e-02
6.17136762029826e-03
1.03223782633300e-02
5.88765506858986e-03
1.20971865065714e-02
1.23895842423685e-02
1.40525857242388e-02
1.10233597670548e-02
1.20378240638770e-02
1.07450526634427e-02
1.59030562236393e-02
1.23002003201133e-02
1.62139708522188e-02
9.37882818812901e-03
1.38882945632774e-02
9.06729617478274e-03
1.58695554206848e-02
1.47930577424609e-02
1.90932301284189e-02
1.37182636117050e-02
1.65876765023939e-02
1.32497311221001e-02
2.08910770379835e-02
1.45661782679917e-02
2.15186251927924e-02
1.21749369913445e-02
1.83855234119585e-02
1.17645686485874e-02
2.05584574020037e-02
1.63831278433640e-02
2.52663023370044e-02
1.57363921371642e-02
2.22216107373201e-02
1.49124205617276e-02
2.69710712810189e-02
1.59266504868898e-02
2.79643103412422e-02
1.42656848555278e-02
2.39263796813343e-02
1.36773151117414e-02
2.62874201180562e-02
1.68768300349995e-02
3.26632611802393e-02
1.67960601759172e-02
2.90286473980301e-02
1.54348597482127e-02
3.42634734071464e-02
1.60899057760501e-02
3.56588689254089e-02
1.53540898891300e-02
3.06288596249383e-02
1.45011471116875e-02
3.31919443792753e-02
1.59887097353209e-02
4.13807371247725e-02
1.66128005455679e-02
3.71003629432226e-02
1.45168516486383e-02
4.29023068502163e-02
1.47621411407937e-02
4.47209229820403e-02
1.51409424588839e-02
3.86219326686692e-02
1.39299462735302e-02
4.14247754940096e-02
1.34313095603228e-02
5.15261868195629e-02
1.48999835136654e-02
4.65366222634508e-02
1.18565805098912e-02
5.30405068798416e-02
1.16478001453189e-02
5.52852503388896e-02
1.33252544632266e-02
4.80509423237445e-02
1.16561425324265e-02
5.11611485417218e-02
8.91539608331304e-03
6.32229993840345e-02
1.13691421581952e-02
5.74510486778169e-02
7.15073648538154e-03
6.48546148154552e-02
9.60448256026105e-03
5.90826641092424e-02
7.37082194920133e-03
6.26035248518389e-02
-3.62569087764787e-03
8.24166262291413e-04
-1.32161990413522e-03
2.98642343916958e-04
-4.00471208037553e-03
8.47084562370187e-04
-4.88066112107011e-03
1.11550926321191e-03
-1.70064110686173e-03
3.21560643995458e-04
-3.10050202502334e-03
6.03475137527562e-04
-6.67454313825750e-03
1.77310287341847e-03
-5.33569830619200e-03
1.29085793915490e-03
-7.63990320544744e-03
1.96817180667453e-03
-7.71994677731477e-03
2.13940664269652e-03
-6.30105837338141e-03
1.48592687241085e-03
-7.51415598646934e-03
1.83381619557087e-03
-7.97728344986285e-03
2.66556380037148e-03
-7.47159930444765e-03
2.17308405842669e-03
-9.35584996301644e-03
3.13113719797423e-03
-8.79714343589240e-03
3.18490983722736e-03
-8.85016581760107e-03
2.63865745602941e-03
-9.85863774232692e-03
3.13523209782725e-03
-7.79644278712103e-03
3.63737513624907e-03
-7.98977072365287e-03
3.08411959875635e-03
-9.45355101414635e-03
4.41652979605175e-03
-8.39595097507746e-03
4.35896237696993e-03
-9.64687895067791e-03
3.86327425855905e-03
-1.04531235032168e-02
4.55814769524196e-03
-6.40270647851724e-03
4.81490016909317e-03
-7.15825683066331e-03
4.15235188880764e-03
-8.23672697243497e-03
5.90477740364341e-03
-6.80566429525605e-03
5.76424372628188e-03
-8.99227732458098e-03
5.24222912335789e-03
-9.61634949588235e-03
6.15766753755199e-03
-4.07550790884926e-03
6.31718677803372e-03
-5.25378824473363e-03
5.49780593622768e-03
-6.01197773403811e-03
7.67834662308786e-03
-4.32130454128547e-03
7.50138717582515e-03
-7.19025806992244e-03
6.85896578128173e-03
-7.66674001669816e-03
7.99568464151581e-03
-1.10236999409179e-03
8.25837512981703e-03
-2.56146130077614e-03
7.23442078667694e-03
-3.08853892971134e-03
9.82416194017576e-03
-1.24303393195974e-03
9.67147605806207e-03
-4.54763023639586e-03
8.80020759703578e-03
-4.92251021814461e-03
1.01432308002545e-02
2.22240599532847e-03
1.07504367556866e-02
6.26419161870404e-04
9.47262294627274e-03
2.22153484010842e-04
1.24363560667454e-02
2.12475615457974e-03
1.23788911269382e-02
-1.37383334944767e-03
1.11585422573320e-02
-1.70174913537405e-03
1.26831408357297e-02
5.59920547512316e-03
1.39063176815309e-02
4.01178849730686e-03
1.23222708231252e-02
3.60693199366530e-03
1.56194244147989e-02
5.47439034238963e-03
1.57345783889708e-02
2.01951501584858e-03
1.40353775563935e-02
1.67751313228562e-03
1.57131053552278e-02
8.72441780143250e-03
1.78435445661641e-02
7.29220205099410e-03
1.58960369828499e-02
6.75130174681030e-03
1.94918401794033e-02
8.49572279084581e-03
1.98597915633496e-02
5.31908599637146e-03
1.75443325960896e-02
4.89724349382299e-03
1.93491729541336e-02
1.12914862074111e-02
2.26883348543170e-02
1.01619736536594e-02
2.03132812433237e-02
9.33974623500053e-03
2.41901669549342e-02
1.08767637346058e-02
2.48903371001511e-02
8.21023368124802e-03
2.18151133439419e-02
7.63934171582909e-03
2.37297446548224e-02
1.29916788994259e-02
2.85802047311498e-02
1.23130340163421e-02
2.57044351074962e-02
1.10559326465523e-02
2.98736554826154e-02
1.23041195292261e-02
3.09812919620340e-02
1.03772877634675e-02
2.69978858589639e-02
9.58557086877749e-03
2.90200614948842e-02
1.35146065965888e-02
3.56769838353820e-02
1.34355281400677e-02
3.22158520509912e-02
1.15828176443338e-02
3.67292238346599e-02
1.24632645435654e-02
3.83120703057162e-02
1.15037391878103e-02
3.32680920502739e-02
1.04174693216222e-02
3.54171067642984e-02
1.25485339489913e-02
4.41600308280407e-02
1.32181917061497e-02
4.00149762252008e-02
1.06026704774120e-02
4.49766074490120e-02
1.10386753484638e-02
4.70915895169498e-02
1.12723282345653e-02
4.08315528461816e-02
9.81624094126426e-03
4.31547383973717e-02
9.78052629049129e-03
5.42392918372456e-02
1.13485496610493e-02
4.92955408193963e-02
7.79702502743218e-03
5.48733196005314e-02
7.71385482660353e-03
5.75631394709112e-02
9.36504839798191e-03
4.99295685826983e-02
7.46262075812494e-03
5.25087267137641e-02
4.89647237608277e-03
6.61577063780656e-02
7.51297735164627e-03
6.02823561956762e-02
2.84657762349179e-03
6.67189390266254e-02
5.46308259903880e-03
6.08435888442664e-02
3.03671819030318e-03
6.38012403091600e-02
