512 1023 512 1023
512 480 -1.000000000000000e+00
512 512 4.000000000000000e+00
512 513 -1.000000000000000e+00
512 544 -1.000000000000000e+00
513 481 -1.000000000000000e+00
513 512 -1.000000000000000e+00
513 513 4.000000000000000e+00
513 514 -1.000000000000000e+00
513 545 -1.000000000000000e+00
514 482 -1.000000000000000e+00
514 513 -1.000000000000000e+00
514 514 4.000000000000000e+00
514 515 -1.000000000000000e+00
514 546 -1.000000000000000e+00
515 483 -1.000000000000000e+00
515 514 -1.000000000000000e+00
515 515 4.000000000000000e+00
515 516 -1.000000000000000e+00
515 547 -1.000000000000000e+00
516 484 -1.000000000000000e+00
516 515 -1.000000000000000e+00
516 516 4.000000000000000e+00
516 517 -1.000000000000000e+00
516 548 -1.000000000000000e+00
517 485 -1.000000000000000e+00
517 516 -1.000000000000000e+00
517 517 4.000000000000000e+00
517 518 -1.000000000000000e+00
517 549 -1.000000000000000e+00
518 486 -1.000000000000000e+00
518 517 -1.000000000000000e+00
518 518 4.000000000000000e+00
518 519 -1.000000000000000e+00
518 550 -1.000000000000000e+00
519 487 -1.000000000000000e+00
519 518 -1.000000000000000e+00
519 519 4.000000000000000e+00
519 520 -1.000000000000000e+00
519 551 -1.000000000000000e+00
520 488 -1.000000000000000e+00
520 519 -1.000000000000000e+00
520 520 4.000000000000000e+00
520 521 -1.000000000000000e+00
520 552 -1.000000000000000e+00
521 489 -1.000000000000000e+00
521 520 -1.000000000000000e+00
521 521 4.000000000000000e+00
521 522 -1.000000000000000e+00
521 553 -1.000000000000000e+00
522 490 -1.000000000000000e+00
522 521 -1.000000000000000e+00
522 522 4.000000000000000e+00
522 523 -1.000000000000000e+00
522 554 -1.000000000000000e+00
523 491 -1.000000000000000e+00
523 522 -1.000000000000000e+00
523 523 4.000000000000000e+00
523 524 -1.000000000000000e+00
523 555 -1.000000000000000e+00
524 492 -1.000000000000000e+00
524 523 -1.000000000000000e+00
524 524 4.000000000000000e+00
524 525 -1.000000000000000e+00
524 556 -1.000000000000000e+00
525 493 -1.000000000000000e+00
525 524 -1.000000000000000e+00
525 525 4.000000000000000e+00
525 526 -1.000000000000000e+00
525 557 -1.000000000000000e+00
526 494 -1.000000000000000e+00
526 525 -1.000000000000000e+00
526 526 4.000000000000000e+00
526 527 -1.000000000000000e+00
526 558 -1.000000000000000e+00
527 495 -1.000000000000000e+00
527 526 -1.000000000000000e+00
527 527 4.000000000000000e+00
527 528 -1.000000000000000e+00
527 559 -1.000000000000000e+00
528 496 -1.000000000000000e+00
528 527 -1.000000000000000e+00
528 528 4.000000000000000e+00
528 529 -1.000000000000000e+00
528 560 -1.000000000000000e+00
529 497 -1.000000000000000e+00
529 528 -1.000000000000000e+00
529 529 4.000000000000000e+00
529 530 -1.000000000000000e+00
529 561 -1.000000000000000e+00
530 498 -1.000000000000000e+00
530 529 -1.000000000000000e+00
530 530 4.000000000000000e+00
530 531 -1.000000000000000e+00
530 562 -1.000000000000000e+00
531 499 -1.000000000000000e+00
531 530 -1.000000000000000e+00
531 531 4.000000000000000e+00
531 532 -1.000000000000000e+00
531 563 -1.000000000000000e+00
532 500 -1.000000000000000e+00
532 531 -1.000000000000000e+00
532 532 4.000000000000000e+00
532 533 -1.000000000000000e+00
532 564 -1.000000000000000e+00
533 501 -1.000000000000000e+00
533 532 -1.000000000000000e+00
533 533 4.000000000000000e+00
533 534 -1.000000000000000e+00
533 565 -1.000000000000000e+00
534 502 -1.000000000000000e+00
534 533 -1.000000000000000e+00
534 534 4.000000000000000e+00
534 535 -1.000000000000000e+00
534 566 -1.000000000000000e+00
535 503 -1.000000000000000e+00
535 534 -1.000000000000000e+00
535 535 4.000000000000000e+00
535 536 -1.000000000000000e+00
535 567 -1.000000000000000e+00
536 504 -1.000000000000000e+00
536 535 -1.000000000000000e+00
536 536 4.000000000000000e+00
536 537 -1.000000000000000e+00
536 568 -1.000000000000000e+00
537 505 -1.000000000000000e+00
537 536 -1.000000000000000e+00
537 537 4.000000000000000e+00
537 538 -1.000000000000000e+00
537 569 -1.000000000000000e+00
538 506 -1.000000000000000e+00
538 537 -1.000000000000000e+00
538 538 4.000000000000000e+00
538 539 -1.000000000000000e+00
538 570 -1.000000000000000e+00
539 507 -1.000000000000000e+00
539 538 -1.000000000000000e+00
539 539 4.000000000000000e+00
539 540 -1.000000000000000e+00
539 571 -1.000000000000000e+00
540 508 -1.000000000000000e+00
540 539 -1.000000000000000e+00
540 540 4.000000000000000e+00
540 541 -1.000000000000000e+00
540 572 -1.000000000000000e+00
541 509 -1.000000000000000e+00
541 540 -1.000000000000000e+00
541 541 4.000000000000000e+00
541 542 -1.000000000000000e+00
541 573 -1.000000000000000e+00
542 510 -1.000000000000000e+00
542 541 -1.000000000000000e+00
542 542 4.000000000000000e+00
542 543 -1.000000000000000e+00
542 574 -1.000000000000000e+00
543 511 -1.000000000000000e+00
543 542 -1.000000000000000e+00
543 543 4.000000000000000e+00
543 575 -1.000000000000000e+00
544 512 -1.000000000000000e+00
544 544 4.000000000000000e+00
544 545 -1.000000000000000e+00
544 576 -1.000000000000000e+00
545 513 -1.000000000000000e+00
545 544 -1.000000000000000e+00
545 545 4.000000000000000e+00
545 546 -1.000000000000000e+00
545 577 -1.000000000000000e+00
546 514 -1.000000000000000e+00
546 545 -1.000000000000000e+00
546 546 4.000000000000000e+00
546 547 -1.000000000000000e+00
546 578 -1.000000000000000e+00
547 515 -1.000000000000000e+00
547 546 -1.000000000000000e+00
547 547 4.000000000000000e+00
547 548 -1.000000000000000e+00
547 579 -1.000000000000000e+00
548 516 -1.000000000000000e+00
548 547 -1.000000000000000e+00
548 548 4.000000000000000e+00
548 549 -1.000000000000000e+00
548 580 -1.000000000000000e+00
549 517 -1.000000000000000e+00
549 548 -1.000000000000000e+00
549 549 4.000000000000000e+00
549 550 -1.000000000000000e+00
549 581 -1.000000000000000e+00
550 518 -1.000000000000000e+00
550 549 -1.000000000000000e+00
550 550 4.000000000000000e+00
550 551 -1.000000000000000e+00
550 582 -1.000000000000000e+00
551 519 -1.000000000000000e+00
551 550 -1.000000000000000e+00
551 551 4.000000000000000e+00
551 552 -1.000000000000000e+00
551 583 -1.000000000000000e+00
552 520 -1.000000000000000e+00
552 551 -1.000000000000000e+00
552 552 4.000000000000000e+00
552 553 -1.000000000000000e+00
552 584 -1.000000000000000e+00
553 521 -1.000000000000000e+00
553 552 -1.000000000000000e+00
553 553 4.000000000000000e+00
553 554 -1.000000000000000e+00
553 585 -1.000000000000000e+00
554 522 -1.000000000000000e+00
554 553 -1.000000000000000e+00
554 554 4.000000000000000e+00
554 555 -1.000000000000000e+00
554 586 -1.000000000000000e+00
555 523 -1.000000000000000e+00
555 554 -1.000000000000000e+00
555 555 4.000000000000000e+00
555 556 -1.000000000000000e+00
555 587 -1.000000000000000e+00
556 524 -1.000000000000000e+00
556 555 -1.000000000000000e+00
556 556 4.000000000000000e+00
556 557 -1.000000000000000e+00
556 588 -1.000000000000000e+00
557 525 -1.000000000000000e+00
557 556 -1.000000000000000e+00
557 557 4.000000000000000e+00
557 558 -1.000000000000000e+00
557 589 -1.000000000000000e+00
558 526 -1.000000000000000e+00
558 557 -1.000000000000000e+00
558 558 4.000000000000000e+00
558 559 -1.000000000000000e+00
558 590 -1.000000000000000e+00
559 527 -1.000000000000000e+00
559 558 -1.000000000000000e+00
559 559 4.000000000000000e+00
559 560 -1.000000000000000e+00
559 591 -1.000000000000000e+00
560 528 -1.000000000000000e+00
560 559 -1.000000000000000e+00
560 560 4.000000000000000e+00
560 561 -1.000000000000000e+00
560 592 -1.000000000000000e+00
561 529 -1.000000000000000e+00
561 560 -1.000000000000000e+00
561 561 4.000000000000000e+00
561 562 -1.000000000000000e+00
561 593 -1.000000000000000e+00
562 530 -1.000000000000000e+00
562 561 -1.000000000000000e+00
562 562 4.000000000000000e+00
562 563 -1.000000000000000e+00
562 594 -1.000000000000000e+00
563 531 -1.000000000000000e+00
563 562 -1.000000000000000e+00
563 563 4.000000000000000e+00
563 564 -1.000000000000000e+00
563 595 -1.000000000000000e+00
564 532 -1.000000000000000e+00
564 563 -1.000000000000000e+00
564 564 4.000000000000000e+00
564 565 -1.000000000000000e+00
564 596 -1.000000000000000e+00
565 533 -1.000000000000000e+00
565 564 -1.000000000000000e+00
565 565 4.000000000000000e+00
565 566 -1.000000000000000e+00
565 597 -1.000000000000000e+00
566 534 -1.000000000000000e+00
566 565 -1.000000000000000e+00
566 566 4.000000000000000e+00
566 567 -1.000000000000000e+00
566 598 -1.000000000000000e+00
567 535 -1.000000000000000e+00
567 566 -1.000000000000000e+00
567 567 4.000000000000000e+00
567 568 -1.000000000000000e+00
567 599 -1.000000000000000e+00
568 536 -1.000000000000000e+00
568 567 -1.000000000000000e+00
568 568 4.000000000000000e+00
568 569 -1.000000000000000e+00
568 600 -1.000000000000000e+00
569 537 -1.000000000000000e+00
569 568 -1.000000000000000e+00
569 569 4.000000000000000e+00
569 570 -1.000000000000000e+00
569 601 -1.000000000000000e+00
570 538 -1.000000000000000e+00
570 569 -1.000000000000000e+00
570 570 4.000000000000000e+00
570 571 -1.000000000000000e+00
570 602 -1.000000000000000e+00
571 539 -1.000000000000000e+00
571 570 -1.000000000000000e+00
571 571 4.000000000000000e+00
571 572 -1.000000000000000e+00
571 603 -1.000000000000000e+00
572 540 -1.000000000000000e+00
572 571 -1.000000000000000e+00
572 572 4.000000000000000e+00
572 573 -1.000000000000000e+00
572 604 -1.000000000000000e+00
573 541 -1.000000000000000e+00
573 572 -1.000000000000000e+00
573 573 4.000000000000000e+00
573 574 -1.000000000000000e+00
573 605 -1.000000000000000e+00
574 542 -1.000000000000000e+00
574 573 -1.000000000000000e+00
574 574 4.000000000000000e+00
574 575 -1.000000000000000e+00
574 606 -1.000000000000000e+00
575 543 -1.000000000000000e+00
575 574 -1.000000000000000e+00
575 575 4.000000000000000e+00
575 607 -1.000000000000000e+00
576 544 -1.000000000000000e+00
576 576 4.000000000000000e+00
576 577 -1.000000000000000e+00
576 608 -1.000000000000000e+00
577 545 -1.000000000000000e+00
577 576 -1.000000000000000e+00
577 577 4.000000000000000e+00
577 578 -1.000000000000000e+00
577 609 -1.000000000000000e+00
578 546 -1.000000000000000e+00
578 577 -1.000000000000000e+00
578 578 4.000000000000000e+00
578 579 -1.000000000000000e+00
578 610 -1.000000000000000e+00
579 547 -1.000000000000000e+00
579 578 -1.000000000000000e+00
579 579 4.000000000000000e+00
579 580 -1.000000000000000e+00
579 611 -1.000000000000000e+00
580 548 -1.000000000000000e+00
580 579 -1.000000000000000e+00
580 580 4.000000000000000e+00
580 581 -1.000000000000000e+00
580 612 -1.000000000000000e+00
581 549 -1.000000000000000e+00
581 580 -1.000000000000000e+00
581 581 4.000000000000000e+00
581 582 -1.000000000000000e+00
581 613 -1.000000000000000e+00
582 550 -1.000000000000000e+00
582 581 -1.000000000000000e+00
582 582 4.000000000000000e+00
582 583 -1.000000000000000e+00
582 614 -1.000000000000000e+00
583 551 -1.000000000000000e+00
583 582 -1.000000000000000e+00
583 583 4.000000000000000e+00
583 584 -1.000000000000000e+00
583 615 -1.000000000000000e+00
584 552 -1.000000000000000e+00
584 583 -1.000000000000000e+00
584 584 4.000000000000000e+00
584 585 -1.000000000000000e+00
584 616 -1.000000000000000e+00
585 553 -1.000000000000000e+00
585 584 -1.000000000000000e+00
585 585 4.000000000000000e+00
585 586 -1.000000000000000e+00
585 617 -1.000000000000000e+00
586 554 -1.000000000000000e+00
586 585 -1.000000000000000e+00
586 586 4.000000000000000e+00
586 587 -1.000000000000000e+00
586 618 -1.000000000000000e+00
587 555 -1.000000000000000e+00
587 586 -1.000000000000000e+00
587 587 4.000000000000000e+00
587 588 -1.000000000000000e+00
587 619 -1.000000000000000e+00
588 556 -1.000000000000000e+00
588 587 -1.000000000000000e+00
588 588 4.000000000000000e+00
588 589 -1.000000000000000e+00
588 620 -1.000000000000000e+00
589 557 -1.000000000000000e+00
589 588 -1.000000000000000e+00
589 589 4.000000000000000e+00
589 590 -1.000000000000000e+00
589 621 -1.000000000000000e+00
590 558 -1.000000000000000e+00
590 589 -1.000000000000000e+00
590 590 4.000000000000000e+00
590 591 -1.000000000000000e+00
590 622 -1.000000000000000e+00
591 559 -1.000000000000000e+00
591 590 -1.000000000000000e+00
591 591 4.000000000000000e+00
591 592 -1.000000000000000e+00
591 623 -1.000000000000000e+00
592 560 -1.000000000000000e+00
592 591 -1.000000000000000e+00
592 592 4.000000000000000e+00
592 593 -1.000000000000000e+00
592 624 -1.000000000000000e+00
593 561 -1.000000000000000e+00
593 592 -1.000000000000000e+00
593 593 4.000000000000000e+00
593 594 -1.000000000000000e+00
593 625 -1.000000000000000e+00
594 562 -1.000000000000000e+00
594 593 -1.000000000000000e+00
594 594 4.000000000000000e+00
594 595 -1.000000000000000e+00
594 626 -1.000000000000000e+00
595 563 -1.000000000000000e+00
595 594 -1.000000000000000e+00
595 595 4.000000000000000e+00
595 596 -1.000000000000000e+00
595 627 -1.000000000000000e+00
596 564 -1.000000000000000e+00
596 595 -1.000000000000000e+00
596 596 4.000000000000000e+00
596 597 -1.000000000000000e+00
596 628 -1.000000000000000e+00
597 565 -1.000000000000000e+00
597 596 -1.000000000000000e+00
597 597 4.000000000000000e+00
597 598 -1.000000000000000e+00
597 629 -1.000000000000000e+00
598 566 -1.000000000000000e+00
598 597 -1.000000000000000e+00
598 598 4.000000000000000e+00
598 599 -1.000000000000000e+00
598 630 -1.000000000000000e+00
599 567 -1.000000000000000e+00
599 598 -1.000000000000000e+00
599 599 4.000000000000000e+00
599 600 -1.000000000000000e+00
599 631 -1.000000000000000e+00
600 568 -1.000000000000000e+00
600 599 -1.000000000000000e+00
600 600 4.000000000000000e+00
600 601 -1.000000000000000e+00
600 632 -1.000000000000000e+00
601 569 -1.000000000000000e+00
601 600 -1.000000000000000e+00
601 601 4.000000000000000e+00
601 602 -1.000000000000000e+00
601 633 -1.000000000000000e+00
602 570 -1.000000000000000e+00
602 601 -1.000000000000000e+00
602 602 4.000000000000000e+00
602 603 -1.000000000000000e+00
602 634 -1.000000000000000e+00
603 571 -1.000000000000000e+00
603 602 -1.000000000000000e+00
603 603 4.000000000000000e+00
603 604 -1.000000000000000e+00
603 635 -1.000000000000000e+00
604 572 -1.000000000000000e+00
604 603 -1.000000000000000e+00
604 604 4.000000000000000e+00
604 605 -1.000000000000000e+00
604 636 -1.000000000000000e+00
605 573 -1.000000000000000e+00
605 604 -1.000000000000000e+00
605 605 4.000000000000000e+00
605 606 -1.000000000000000e+00
605 637 -1.000000000000000e+00
606 574 -1.000000000000000e+00
606 605 -1.000000000000000e+00
606 606 4.000000000000000e+00
606 607 -1.000000000000000e+00
606 638 -1.000000000000000e+00
607 575 -1.000000000000000e+00
607 606 -1.000000000000000e+00
607 607 4.000000000000000e+00
607 639 -1.000000000000000e+00
608 576 -1.000000000000000e+00
608 608 4.000000000000000e+00
608 609 -1.000000000000000e+00
608 640 -1.000000000000000e+00
609 577 -1.000000000000000e+00
609 608 -1.000000000000000e+00
609 609 4.000000000000000e+00
609 610 -1.000000000000000e+00
609 641 -1.000000000000000e+00
610 578 -1.000000000000000e+00
610 609 -1.000000000000000e+00
610 610 4.000000000000000e+00
610 611 -1.000000000000000e+00
610 642 -1.000000000000000e+00
611 579 -1.000000000000000e+00
611 610 -1.000000000000000e+00
611 611 4.000000000000000e+00
611 612 -1.000000000000000e+00
611 643 -1.000000000000000e+00
612 580 -1.000000000000000e+00
612 611 -1.000000000000000e+00
612 612 4.000000000000000e+00
612 613 -1.000000000000000e+00
612 644 -1.000000000000000e+00
613 581 -1.000000000000000e+00
613 612 -1.000000000000000e+00
613 613 4.000000000000000e+00
613 614 -1.000000000000000e+00
613 645 -1.000000000000000e+00
614 582 -1.000000000000000e+00
614 613 -1.000000000000000e+00
614 614 4.000000000000000e+00
614 615 -1.000000000000000e+00
614 646 -1.000000000000000e+00
615 583 -1.000000000000000e+00
615 614 -1.000000000000000e+00
615 615 4.000000000000000e+00
615 616 -1.000000000000000e+00
615 647 -1.000000000000000e+00
616 584 -1.000000000000000e+00
616 615 -1.000000000000000e+00
616 616 4.000000000000000e+00
616 617 -1.000000000000000e+00
616 648 -1.000000000000000e+00
617 585 -1.000000000000000e+00
617 616 -1.000000000000000e+00
617 617 4.000000000000000e+00
617 618 -1.000000000000000e+00
617 649 -1.000000000000000e+00
618 586 -1.000000000000000e+00
618 617 -1.000000000000000e+00
618 618 4.000000000000000e+00
618 619 -1.000000000000000e+00
618 650 -1.000000000000000e+00
619 587 -1.000000000000000e+00
619 618 -1.000000000000000e+00
619 619 4.000000000000000e+00
619 620 -1.000000000000000e+00
619 651 -1.000000000000000e+00
620 588 -1.000000000000000e+00
620 619 -1.000000000000000e+00
620 620 4.000000000000000e+00
620 621 -1.000000000000000e+00
620 652 -1.000000000000000e+00
621 589 -1.000000000000000e+00
621 620 -1.000000000000000e+00
621 621 4.000000000000000e+00
621 622 -1.000000000000000e+00
621 653 -1.000000000000000e+00
622 590 -1.000000000000000e+00
622 621 -1.000000000000000e+00
622 622 4.000000000000000e+00
622 623 -1.000000000000000e+00
622 654 -1.000000000000000e+00
623 591 -1.000000000000000e+00
623 622 -1.000000000000000e+00
623 623 4.000000000000000e+00
623 624 -1.000000000000000e+00
623 655 -1.000000000000000e+00
624 592 -1.000000000000000e+00
624 623 -1.000000000000000e+00
624 624 4.000000000000000e+00
624 625 -1.000000000000000e+00
624 656 -1.000000000000000e+00
625 593 -1.000000000000000e+00
625 624 -1.000000000000000e+00
625 625 4.000000000000000e+00
625 626 -1.000000000000000e+00
625 657 -1.000000000000000e+00
626 594 -1.000000000000000e+00
626 625 -1.000000000000000e+00
626 626 4.000000000000000e+00
626 627 -1.000000000000000e+00
626 658 -1.000000000000000e+00
627 595 -1.000000000000000e+00
627 626 -1.000000000000000e+00
627 627 4.000000000000000e+00
627 628 -1.000000000000000e+00
627 659 -1.000000000000000e+00
628 596 -1.000000000000000e+00
628 627 -1.000000000000000e+00
628 628 4.000000000000000e+00
628 629 -1.000000000000000e+00
628 660 -1.000000000000000e+00
629 597 -1.000000000000000e+00
629 628 -1.000000000000000e+00
629 629 4.000000000000000e+00
629 630 -1.000000000000000e+00
629 661 -1.000000000000000e+00
630 598 -1.000000000000000e+00
630 629 -1.000000000000000e+00
630 630 4.000000000000000e+00
630 631 -1.000000000000000e+00
630 662 -1.000000000000000e+00
631 599 -1.000000000000000e+00
631 630 -1.000000000000000e+00
631 631 4.000000000000000e+00
631 632 -1.000000000000000e+00
631 663 -1.000000000000000e+00
632 600 -1.000000000000000e+00
632 631 -1.000000000000000e+00
632 632 4.000000000000000e+00
632 633 -1.000000000000000e+00
632 664 -1.000000000000000e+00
633 601 -1.000000000000000e+00
633 632 -1.000000000000000e+00
633 633 4.000000000000000e+00
633 634 -1.000000000000000e+00
633 665 -1.000000000000000e+00
634 602 -1.000000000000000e+00
634 633 -1.000000000000000e+00
634 634 4.000000000000000e+00
634 635 -1.000000000000000e+00
634 666 -1.000000000000000e+00
635 603 -1.000000000000000e+00
635 634 -1.000000000000000e+00
635 635 4.000000000000000e+00
635 636 -1.000000000000000e+00
635 667 -1.000000000000000e+00
636 604 -1.000000000000000e+00
636 635 -1.000000000000000e+00
636 636 4.000000000000000e+00
636 637 -1.000000000000000e+00
636 668 -1.000000000000000e+00
637 605 -1.000000000000000e+00
637 636 -1.000000000000000e+00
637 637 4.000000000000000e+00
637 638 -1.000000000000000e+00
637 669 -1.000000000000000e+00
638 606 -1.000000000000000e+00
638 637 -1.000000000000000e+00
638 638 4.000000000000000e+00
638 639 -1.000000000000000e+00
638 670 -1.000000000000000e+00
639 607 -1.000000000000000e+00
639 638 -1.000000000000000e+00
639 639 4.000000000000000e+00
639 671 -1.000000000000000e+00
640 608 -1.000000000000000e+00
640 640 4.000000000000000e+00
640 641 -1.000000000000000e+00
640 672 -1.000000000000000e+00
641 609 -1.000000000000000e+00
641 640 -1.000000000000000e+00
641 641 4.000000000000000e+00
641 642 -1.000000000000000e+00
641 673 -1.000000000000000e+00
642 610 -1.000000000000000e+00
642 641 -1.000000000000000e+00
642 642 4.000000000000000e+00
642 643 -1.000000000000000e+00
642 674 -1.000000000000000e+00
643 611 -1.000000000000000e+00
643 642 -1.000000000000000e+00
643 643 4.000000000000000e+00
643 644 -1.000000000000000e+00
643 675 -1.000000000000000e+00
644 612 -1.000000000000000e+00
644 643 -1.000000000000000e+00
644 644 4.000000000000000e+00
644 645 -1.000000000000000e+00
644 676 -1.000000000000000e+00
645 613 -1.000000000000000e+00
645 644 -1.000000000000000e+00
645 645 4.000000000000000e+00
645 646 -1.000000000000000e+00
645 677 -1.000000000000000e+00
646 614 -1.000000000000000e+00
646 645 -1.000000000000000e+00
646 646 4.000000000000000e+00
646 647 -1.000000000000000e+00
646 678 -1.000000000000000e+00
647 615 -1.000000000000000e+00
647 646 -1.000000000000000e+00
647 647 4.000000000000000e+00
647 648 -1.000000000000000e+00
647 679 -1.000000000000000e+00
648 616 -1.000000000000000e+00
648 647 -1.000000000000000e+00
648 648 4.000000000000000e+00
648 649 -1.000000000000000e+00
648 680 -1.000000000000000e+00
649 617 -1.000000000000000e+00
649 648 -1.000000000000000e+00
649 649 4.000000000000000e+00
649 650 -1.000000000000000e+00
649 681 -1.000000000000000e+00
650 618 -1.000000000000000e+00
650 649 -1.000000000000000e+00
650 650 4.000000000000000e+00
650 651 -1.000000000000000e+00
650 682 -1.000000000000000e+00
651 619 -1.000000000000000e+00
651 650 -1.000000000000000e+00
651 651 4.000000000000000e+00
651 652 -1.000000000000000e+00
651 683 -1.000000000000000e+00
652 620 -1.000000000000000e+00
652 651 -1.000000000000000e+00
652 652 4.000000000000000e+00
652 653 -1.000000000000000e+00
652 684 -1.000000000000000e+00
653 621 -1.000000000000000e+00
653 652 -1.000000000000000e+00
653 653 4.000000000000000e+00
653 654 -1.000000000000000e+00
653 685 -1.000000000000000e+00
654 622 -1.000000000000000e+00
654 653 -1.000000000000000e+00
654 654 4.000000000000000e+00
654 655 -1.000000000000000e+00
654 686 -1.000000000000000e+00
655 623 -1.000000000000000e+00
655 654 -1.000000000000000e+00
655 655 4.000000000000000e+00
655 656 -1.000000000000000e+00
655 687 -1.000000000000000e+00
656 624 -1.000000000000000e+00
656 655 -1.000000000000000e+00
656 656 4.000000000000000e+00
656 657 -1.000000000000000e+00
656 688 -1.000000000000000e+00
657 625 -1.000000000000000e+00
657 656 -1.000000000000000e+00
657 657 4.000000000000000e+00
657 658 -1.000000000000000e+00
657 689 -1.000000000000000e+00
658 626 -1.000000000000000e+00
658 657 -1.000000000000000e+00
658 658 4.000000000000000e+00
658 659 -1.000000000000000e+00
658 690 -1.000000000000000e+00
659 627 -1.000000000000000e+00
659 658 -1.000000000000000e+00
659 659 4.000000000000000e+00
659 660 -1.000000000000000e+00
659 691 -1.000000000000000e+00
660 628 -1.000000000000000e+00
660 659 -1.000000000000000e+00
660 660 4.000000000000000e+00
660 661 -1.000000000000000e+00
660 692 -1.000000000000000e+00
661 629 -1.000000000000000e+00
661 660 -1.000000000000000e+00
661 661 4.000000000000000e+00
661 662 -1.000000000000000e+00
661 693 -1.000000000000000e+00
662 630 -1.000000000000000e+00
662 661 -1.000000000000000e+00
662 662 4.000000000000000e+00
662 663 -1.000000000000000e+00
662 694 -1.000000000000000e+00
663 631 -1.000000000000000e+00
663 662 -1.000000000000000e+00
663 663 4.000000000000000e+00
663 664 -1.000000000000000e+00
663 695 -1.000000000000000e+00
664 632 -1.000000000000000e+00
664 663 -1.000000000000000e+00
664 664 4.000000000000000e+00
664 665 -1.000000000000000e+00
664 696 -1.000000000000000e+00
665 633 -1.000000000000000e+00
665 664 -1.000000000000000e+00
665 665 4.000000000000000e+00
665 666 -1.000000000000000e+00
665 697 -1.000000000000000e+00
666 634 -1.000000000000000e+00
666 665 -1.000000000000000e+00
666 666 4.000000000000000e+00
666 667 -1.000000000000000e+00
666 698 -1.000000000000000e+00
667 635 -1.000000000000000e+00
667 666 -1.000000000000000e+00
667 667 4.000000000000000e+00
667 668 -1.000000000000000e+00
667 699 -1.000000000000000e+00
668 636 -1.000000000000000e+00
668 667 -1.000000000000000e+00
668 668 4.000000000000000e+00
668 669 -1.000000000000000e+00
668 700 -1.000000000000000e+00
669 637 -1.000000000000000e+00
669 668 -1.000000000000000e+00
669 669 4.000000000000000e+00
669 670 -1.000000000000000e+00
669 701 -1.000000000000000e+00
670 638 -1.000000000000000e+00
670 669 -1.000000000000000e+00
670 670 4.000000000000000e+00
670 671 -1.000000000000000e+00
670 702 -1.000000000000000e+00
671 639 -1.000000000000000e+00
671 670 -1.000000000000000e+00
671 671 4.000000000000000e+00
671 703 -1.000000000000000e+00
672 640 -1.000000000000000e+00
672 672 4.000000000000000e+00
672 673 -1.000000000000000e+00
672 704 -1.000000000000000e+00
673 641 -1.000000000000000e+00
673 672 -1.000000000000000e+00
673 673 4.000000000000000e+00
673 674 -1.000000000000000e+00
673 705 -1.000000000000000e+00
674 642 -1.000000000000000e+00
674 673 -1.000000000000000e+00
674 674 4.000000000000000e+00
674 675 -1.000000000000000e+00
674 706 -1.000000000000000e+00
675 643 -1.000000000000000e+00
675 674 -1.000000000000000e+00
675 675 4.000000000000000e+00
675 676 -1.000000000000000e+00
675 707 -1.000000000000000e+00
676 644 -1.000000000000000e+00
676 675 -1.000000000000000e+00
676 676 4.000000000000000e+00
676 677 -1.000000000000000e+00
676 708 -1.000000000000000e+00
677 645 -1.000000000000000e+00
677 676 -1.000000000000000e+00
677 677 4.000000000000000e+00
677 678 -1.000000000000000e+00
677 709 -1.000000000000000e+00
678 646 -1.000000000000000e+00
678 677 -1.000000000000000e+00
678 678 4.000000000000000e+00
678 679 -1.000000000000000e+00
678 710 -1.000000000000000e+00
679 647 -1.000000000000000e+00
679 678 -1.000000000000000e+00
679 679 4.000000000000000e+00
679 680 -1.000000000000000e+00
679 711 -1.000000000000000e+00
680 648 -1.000000000000000e+00
680 679 -1.000000000000000e+00
680 680 4.000000000000000e+00
680 681 -1.000000000000000e+00
680 712 -1.000000000000000e+00
681 649 -1.000000000000000e+00
681 680 -1.000000000000000e+00
681 681 4.000000000000000e+00
681 682 -1.000000000000000e+00
681 713 -1.000000000000000e+00
682 650 -1.000000000000000e+00
682 681 -1.000000000000000e+00
682 682 4.000000000000000e+00
682 683 -1.000000000000000e+00
682 714 -1.000000000000000e+00
683 651 -1.000000000000000e+00
683 682 -1.000000000000000e+00
683 683 4.000000000000000e+00
683 684 -1.000000000000000e+00
683 715 -1.000000000000000e+00
684 652 -1.000000000000000e+00
684 683 -1.000000000000000e+00
684 684 4.000000000000000e+00
684 685 -1.000000000000000e+00
684 716 -1.000000000000000e+00
685 653 -1.000000000000000e+00
685 684 -1.000000000000000e+00
685 685 4.000000000000000e+00
685 686 -1.000000000000000e+00
685 717 -1.000000000000000e+00
686 654 -1.000000000000000e+00
686 685 -1.000000000000000e+00
686 686 4.000000000000000e+00
686 687 -1.000000000000000e+00
686 718 -1.000000000000000e+00
687 655 -1.000000000000000e+00
687 686 -1.000000000000000e+00
687 687 4.000000000000000e+00
687 688 -1.000000000000000e+00
687 719 -1.000000000000000e+00
688 656 -1.000000000000000e+00
688 687 -1.000000000000000e+00
688 688 4.000000000000000e+00
688 689 -1.000000000000000e+00
688 720 -1.000000000000000e+00
689 657 -1.000000000000000e+00
689 688 -1.000000000000000e+00
689 689 4.000000000000000e+00
689 690 -1.000000000000000e+00
689 721 -1.000000000000000e+00
690 658 -1.000000000000000e+00
690 689 -1.000000000000000e+00
690 690 4.000000000000000e+00
690 691 -1.000000000000000e+00
690 722 -1.000000000000000e+00
691 659 -1.000000000000000e+00
691 690 -1.000000000000000e+00
691 691 4.000000000000000e+00
691 692 -1.000000000000000e+00
691 723 -1.000000000000000e+00
692 660 -1.000000000000000e+00
692 691 -1.000000000000000e+00
692 692 4.000000000000000e+00
692 693 -1.000000000000000e+00
692 724 -1.000000000000000e+00
693 661 -1.000000000000000e+00
693 692 -1.000000000000000e+00
693 693 4.000000000000000e+00
693 694 -1.000000000000000e+00
693 725 -1.000000000000000e+00
694 662 -1.000000000000000e+00
694 693 -1.000000000000000e+00
694 694 4.000000000000000e+00
694 695 -1.000000000000000e+00
694 726 -1.000000000000000e+00
695 663 -1.000000000000000e+00
695 694 -1.000000000000000e+00
695 695 4.000000000000000e+00
695 696 -1.000000000000000e+00
695 727 -1.000000000000000e+00
696 664 -1.000000000000000e+00
696 695 -1.000000000000000e+00
696 696 4.000000000000000e+00
696 697 -1.000000000000000e+00
696 728 -1.000000000000000e+00
697 665 -1.000000000000000e+00
697 696 -1.000000000000000e+00
697 697 4.000000000000000e+00
697 698 -1.000000000000000e+00
697 729 -1.000000000000000e+00
698 666 -1.000000000000000e+00
698 697 -1.000000000000000e+00
698 698 4.000000000000000e+00
698 699 -1.000000000000000e+00
698 730 -1.000000000000000e+00
699 667 -1.000000000000000e+00
699 698 -1.000000000000000e+00
699 699 4.000000000000000e+00
699 700 -1.000000000000000e+00
699 731 -1.000000000000000e+00
700 668 -1.000000000000000e+00
700 699 -1.000000000000000e+00
700 700 4.000000000000000e+00
700 701 -1.000000000000000e+00
700 732 -1.000000000000000e+00
701 669 -1.000000000000000e+00
701 700 -1.000000000000000e+00
701 701 4.000000000000000e+00
701 702 -1.000000000000000e+00
701 733 -1.000000000000000e+00
702 670 -1.000000000000000e+00
702 701 -1.000000000000000e+00
702 702 4.000000000000000e+00
702 703 -1.000000000000000e+00
702 734 -1.000000000000000e+00
703 671 -1.000000000000000e+00
703 702 -1.000000000000000e+00
703 703 4.000000000000000e+00
703 735 -1.000000000000000e+00
704 672 -1.000000000000000e+00
704 704 4.000000000000000e+00
704 705 -1.000000000000000e+00
704 736 -1.000000000000000e+00
705 673 -1.000000000000000e+00
705 704 -1.000000000000000e+00
705 705 4.000000000000000e+00
705 706 -1.000000000000000e+00
705 737 -1.000000000000000e+00
706 674 -1.000000000000000e+00
706 705 -1.000000000000000e+00
706 706 4.000000000000000e+00
706 707 -1.000000000000000e+00
706 738 -1.000000000000000e+00
707 675 -1.000000000000000e+00
707 706 -1.000000000000000e+00
707 707 4.000000000000000e+00
707 708 -1.000000000000000e+00
707 739 -1.000000000000000e+00
708 676 -1.000000000000000e+00
708 707 -1.000000000000000e+00
708 708 4.000000000000000e+00
708 709 -1.000000000000000e+00
708 740 -1.000000000000000e+00
709 677 -1.000000000000000e+00
709 708 -1.000000000000000e+00
709 709 4.000000000000000e+00
709 710 -1.000000000000000e+00
709 741 -1.000000000000000e+00
710 678 -1.000000000000000e+00
710 709 -1.000000000000000e+00
710 710 4.000000000000000e+00
710 711 -1.000000000000000e+00
710 742 -1.000000000000000e+00
711 679 -1.000000000000000e+00
711 710 -1.000000000000000e+00
711 711 4.000000000000000e+00
711 712 -1.000000000000000e+00
711 743 -1.000000000000000e+00
712 680 -1.000000000000000e+00
712 711 -1.000000000000000e+00
712 712 4.000000000000000e+00
712 713 -1.000000000000000e+00
712 744 -1.000000000000000e+00
713 681 -1.000000000000000e+00
713 712 -1.000000000000000e+00
713 713 4.000000000000000e+00
713 714 -1.000000000000000e+00
713 745 -1.000000000000000e+00
714 682 -1.000000000000000e+00
714 713 -1.000000000000000e+00
714 714 4.000000000000000e+00
714 715 -1.000000000000000e+00
714 746 -1.000000000000000e+00
715 683 -1.000000000000000e+00
715 714 -1.000000000000000e+00
715 715 4.000000000000000e+00
715 716 -1.000000000000000e+00
715 747 -1.000000000000000e+00
716 684 -1.000000000000000e+00
716 715 -1.000000000000000e+00
716 716 4.000000000000000e+00
716 717 -1.000000000000000e+00
716 748 -1.000000000000000e+00
717 685 -1.000000000000000e+00
717 716 -1.000000000000000e+00
717 717 4.000000000000000e+00
717 718 -1.000000000000000e+00
717 749 -1.000000000000000e+00
718 686 -1.000000000000000e+00
718 717 -1.000000000000000e+00
718 718 4.000000000000000e+00
718 719 -1.000000000000000e+00
718 750 -1.000000000000000e+00
719 687 -1.000000000000000e+00
719 718 -1.000000000000000e+00
719 719 4.000000000000000e+00
719 720 -1.000000000000000e+00
719 751 -1.000000000000000e+00
720 688 -1.000000000000000e+00
720 719 -1.000000000000000e+00
720 720 4.000000000000000e+00
720 721 -1.000000000000000e+00
720 752 -1.000000000000000e+00
721 689 -1.000000000000000e+00
721 720 -1.000000000000000e+00
721 721 4.000000000000000e+00
721 722 -1.000000000000000e+00
721 753 -1.000000000000000e+00
722 690 -1.000000000000000e+00
722 721 -1.000000000000000e+00
722 722 4.000000000000000e+00
722 723 -1.000000000000000e+00
722 754 -1.000000000000000e+00
723 691 -1.000000000000000e+00
723 722 -1.000000000000000e+00
723 723 4.000000000000000e+00
723 724 -1.000000000000000e+00
723 755 -1.000000000000000e+00
724 692 -1.000000000000000e+00
724 723 -1.000000000000000e+00
724 724 4.000000000000000e+00
724 725 -1.000000000000000e+00
724 756 -1.000000000000000e+00
725 693 -1.000000000000000e+00
725 724 -1.000000000000000e+00
725 725 4.000000000000000e+00
725 726 -1.000000000000000e+00
725 757 -1.000000000000000e+00
726 694 -1.000000000000000e+00
726 725 -1.000000000000000e+00
726 726 4.000000000000000e+00
726 727 -1.000000000000000e+00
726 758 -1.000000000000000e+00
727 695 -1.000000000000000e+00
727 726 -1.000000000000000e+00
727 727 4.000000000000000e+00
727 728 -1.000000000000000e+00
727 759 -1.000000000000000e+00
728 696 -1.000000000000000e+00
728 727 -1.000000000000000e+00
728 728 4.000000000000000e+00
728 729 -1.000000000000000e+00
728 760 -1.000000000000000e+00
729 697 -1.000000000000000e+00
729 728 -1.000000000000000e+00
729 729 4.000000000000000e+00
729 730 -1.000000000000000e+00
729 761 -1.000000000000000e+00
730 698 -1.000000000000000e+00
730 729 -1.000000000000000e+00
730 730 4.000000000000000e+00
730 731 -1.000000000000000e+00
730 762 -1.000000000000000e+00
731 699 -1.000000000000000e+00
731 730 -1.000000000000000e+00
731 731 4.000000000000000e+00
731 732 -1.000000000000000e+00
731 763 -1.000000000000000e+00
732 700 -1.000000000000000e+00
732 731 -1.000000000000000e+00
732 732 4.000000000000000e+00
732 733 -1.000000000000000e+00
732 764 -1.000000000000000e+00
733 701 -1.000000000000000e+00
733 732 -1.000000000000000e+00
733 733 4.000000000000000e+00
733 734 -1.000000000000000e+00
733 765 -1.000000000000000e+00
734 702 -1.000000000000000e+00
734 733 -1.000000000000000e+00
734 734 4.000000000000000e+00
734 735 -1.000000000000000e+00
734 766 -1.000000000000000e+00
735 703 -1.000000000000000e+00
735 734 -1.000000000000000e+00
735 735 4.000000000000000e+00
735 767 -1.000000000000000e+00
736 704 -1.000000000000000e+00
736 736 4.000000000000000e+00
736 737 -1.000000000000000e+00
736 768 -1.000000000000000e+00
737 705 -1.000000000000000e+00
737 736 -1.000000000000000e+00
737 737 4.000000000000000e+00
737 738 -1.000000000000000e+00
737 769 -1.000000000000000e+00
738 706 -1.000000000000000e+00
738 737 -1.000000000000000e+00
738 738 4.000000000000000e+00
738 739 -1.000000000000000e+00
738 770 -1.000000000000000e+00
739 707 -1.000000000000000e+00
739 738 -1.000000000000000e+00
739 739 4.000000000000000e+00
739 740 -1.000000000000000e+00
739 771 -1.000000000000000e+00
740 708 -1.000000000000000e+00
740 739 -1.000000000000000e+00
740 740 4.000000000000000e+00
740 741 -1.000000000000000e+00
740 772 -1.000000000000000e+00
741 709 -1.000000000000000e+00
741 740 -1.000000000000000e+00
741 741 4.000000000000000e+00
741 742 -1.000000000000000e+00
741 773 -1.000000000000000e+00
742 710 -1.000000000000000e+00
742 741 -1.000000000000000e+00
742 742 4.000000000000000e+00
742 743 -1.000000000000000e+00
742 774 -1.000000000000000e+00
743 711 -1.000000000000000e+00
743 742 -1.000000000000000e+00
743 743 4.000000000000000e+00
743 744 -1.000000000000000e+00
743 775 -1.000000000000000e+00
744 712 -1.000000000000000e+00
744 743 -1.000000000000000e+00
744 744 4.000000000000000e+00
744 745 -1.000000000000000e+00
744 776 -1.000000000000000e+00
745 713 -1.000000000000000e+00
745 744 -1.000000000000000e+00
745 745 4.000000000000000e+00
745 746 -1.000000000000000e+00
745 777 -1.000000000000000e+00
746 714 -1.000000000000000e+00
746 745 -1.000000000000000e+00
746 746 4.000000000000000e+00
746 747 -1.000000000000000e+00
746 778 -1.000000000000000e+00
747 715 -1.000000000000000e+00
747 746 -1.000000000000000e+00
747 747 4.000000000000000e+00
747 748 -1.000000000000000e+00
747 779 -1.000000000000000e+00
748 716 -1.000000000000000e+00
748 747 -1.000000000000000e+00
748 748 4.000000000000000e+00
748 749 -1.000000000000000e+00
748 780 -1.000000000000000e+00
749 717 -1.000000000000000e+00
749 748 -1.000000000000000e+00
749 749 4.000000000000000e+00
749 750 -1.000000000000000e+00
749 781 -1.000000000000000e+00
750 718 -1.000000000000000e+00
750 749 -1.000000000000000e+00
750 750 4.000000000000000e+00
750 751 -1.000000000000000e+00
750 782 -1.000000000000000e+00
751 719 -1.000000000000000e+00
751 750 -1.000000000000000e+00
751 751 4.000000000000000e+00
751 752 -1.000000000000000e+00
751 783 -1.000000000000000e+00
752 720 -1.000000000000000e+00
752 751 -1.000000000000000e+00
752 752 4.000000000000000e+00
752 753 -1.000000000000000e+00
752 784 -1.000000000000000e+00
753 721 -1.000000000000000e+00
753 752 -1.000000000000000e+00
753 753 4.000000000000000e+00
753 754 -1.000000000000000e+00
753 785 -1.000000000000000e+00
754 722 -1.000000000000000e+00
754 753 -1.000000000000000e+00
754 754 4.000000000000000e+00
754 755 -1.000000000000000e+00
754 786 -1.000000000000000e+00
755 723 -1.000000000000000e+00
755 754 -1.000000000000000e+00
755 755 4.000000000000000e+00
755 756 -1.000000000000000e+00
755 787 -1.000000000000000e+00
756 724 -1.000000000000000e+00
756 755 -1.000000000000000e+00
756 756 4.000000000000000e+00
756 757 -1.000000000000000e+00
756 788 -1.000000000000000e+00
757 725 -1.000000000000000e+00
757 756 -1.000000000000000e+00
757 757 4.000000000000000e+00
757 758 -1.000000000000000e+00
757 789 -1.000000000000000e+00
758 726 -1.000000000000000e+00
758 757 -1.000000000000000e+00
758 758 4.000000000000000e+00
758 759 -1.000000000000000e+00
758 790 -1.000000000000000e+00
759 727 -1.000000000000000e+00
759 758 -1.000000000000000e+00
759 759 4.000000000000000e+00
759 760 -1.000000000000000e+00
759 791 -1.000000000000000e+00
760 728 -1.000000000000000e+00
760 759 -1.000000000000000e+00
760 760 4.000000000000000e+00
760 761 -1.000000000000000e+00
760 792 -1.000000000000000e+00
761 729 -1.000000000000000e+00
761 760 -1.000000000000000e+00
761 761 4.000000000000000e+00
761 762 -1.000000000000000e+00
761 793 -1.000000000000000e+00
762 730 -1.000000000000000e+00
762 761 -1.000000000000000e+00
762 762 4.000000000000000e+00
762 763 -1.000000000000000e+00
762 794 -1.000000000000000e+00
763 731 -1.000000000000000e+00
763 762 -1.000000000000000e+00
763 763 4.000000000000000e+00
763 764 -1.000000000000000e+00
763 795 -1.000000000000000e+00
764 732 -1.000000000000000e+00
764 763 -1.000000000000000e+00
764 764 4.000000000000000e+00
764 765 -1.000000000000000e+00
764 796 -1.000000000000000e+00
765 733 -1.000000000000000e+00
765 764 -1.000000000000000e+00
765 765 4.000000000000000e+00
765 766 -1.000000000000000e+00
765 797 -1.000000000000000e+00
766 734 -1.000000000000000e+00
766 765 -1.000000000000000e+00
766 766 4.000000000000000e+00
766 767 -1.000000000000000e+00
766 798 -1.000000000000000e+00
767 735 -1.000000000000000e+00
767 766 -1.000000000000000e+00
767 767 4.000000000000000e+00
767 799 -1.000000000000000e+00
768 736 -1.000000000000000e+00
768 768 4.000000000000000e+00
768 769 -1.000000000000000e+00
768 800 -1.000000000000000e+00
769 737 -1.000000000000000e+00
769 768 -1.000000000000000e+00
769 769 4.000000000000000e+00
769 770 -1.000000000000000e+00
769 801 -1.000000000000000e+00
770 738 -1.000000000000000e+00
770 769 -1.000000000000000e+00
770 770 4.000000000000000e+00
770 771 -1.000000000000000e+00
770 802 -1.000000000000000e+00
771 739 -1.000000000000000e+00
771 770 -1.000000000000000e+00
771 771 4.000000000000000e+00
771 772 -1.000000000000000e+00
771 803 -1.000000000000000e+00
772 740 -1.000000000000000e+00
772 771 -1.000000000000000e+00
772 772 4.000000000000000e+00
772 773 -1.000000000000000e+00
772 804 -1.000000000000000e+00
773 741 -1.000000000000000e+00
773 772 -1.000000000000000e+00
773 773 4.000000000000000e+00
773 774 -1.000000000000000e+00
773 805 -1.000000000000000e+00
774 742 -1.000000000000000e+00
774 773 -1.000000000000000e+00
774 774 4.000000000000000e+00
774 775 -1.000000000000000e+00
774 806 -1.000000000000000e+00
775 743 -1.000000000000000e+00
775 774 -1.000000000000000e+00
775 775 4.000000000000000e+00
775 776 -1.000000000000000e+00
775 807 -1.000000000000000e+00
776 744 -1.000000000000000e+00
776 775 -1.000000000000000e+00
776 776 4.000000000000000e+00
776 777 -1.000000000000000e+00
776 808 -1.000000000000000e+00
777 745 -1.000000000000000e+00
777 776 -1.000000000000000e+00
777 777 4.000000000000000e+00
777 778 -1.000000000000000e+00
777 809 -1.000000000000000e+00
778 746 -1.000000000000000e+00
778 777 -1.000000000000000e+00
778 778 4.000000000000000e+00
778 779 -1.000000000000000e+00
778 810 -1.000000000000000e+00
779 747 -1.000000000000000e+00
779 778 -1.000000000000000e+00
779 779 4.000000000000000e+00
779 780 -1.000000000000000e+00
779 811 -1.000000000000000e+00
780 748 -1.000000000000000e+00
780 779 -1.000000000000000e+00
780 780 4.000000000000000e+00
780 781 -1.000000000000000e+00
780 812 -1.000000000000000e+00
781 749 -1.000000000000000e+00
781 780 -1.000000000000000e+00
781 781 4.000000000000000e+00
781 782 -1.000000000000000e+00
781 813 -1.000000000000000e+00
782 750 -1.000000000000000e+00
782 781 -1.000000000000000e+00
782 782 4.000000000000000e+00
782 783 -1.000000000000000e+00
782 814 -1.000000000000000e+00
783 751 -1.000000000000000e+00
783 782 -1.000000000000000e+00
783 783 4.000000000000000e+00
783 784 -1.000000000000000e+00
783 815 -1.000000000000000e+00
784 752 -1.000000000000000e+00
784 783 -1.000000000000000e+00
784 784 4.000000000000000e+00
784 785 -1.000000000000000e+00
784 816 -1.000000000000000e+00
785 753 -1.000000000000000e+00
785 784 -1.000000000000000e+00
785 785 4.000000000000000e+00
785 786 -1.000000000000000e+00
785 817 -1.000000000000000e+00
786 754 -1.000000000000000e+00
786 785 -1.000000000000000e+00
786 786 4.000000000000000e+00
786 787 -1.000000000000000e+00
786 818 -1.000000000000000e+00
787 755 -1.000000000000000e+00
787 786 -1.000000000000000e+00
787 787 4.000000000000000e+00
787 788 -1.000000000000000e+00
787 819 -1.000000000000000e+00
788 756 -1.000000000000000e+00
788 787 -1.000000000000000e+00
788 788 4.000000000000000e+00
788 789 -1.000000000000000e+00
788 820 -1.000000000000000e+00
789 757 -1.000000000000000e+00
789 788 -1.000000000000000e+00
789 789 4.000000000000000e+00
789 790 -1.000000000000000e+00
789 821 -1.000000000000000e+00
790 758 -1.000000000000000e+00
790 789 -1.000000000000000e+00
790 790 4.000000000000000e+00
790 791 -1.000000000000000e+00
790 822 -1.000000000000000e+00
791 759 -1.000000000000000e+00
791 790 -1.000000000000000e+00
791 791 4.000000000000000e+00
791 792 -1.000000000000000e+00
791 823 -1.000000000000000e+00
792 760 -1.000000000000000e+00
792 791 -1.000000000000000e+00
792 792 4.000000000000000e+00
792 793 -1.000000000000000e+00
792 824 -1.000000000000000e+00
793 761 -1.000000000000000e+00
793 792 -1.000000000000000e+00
793 793 4.000000000000000e+00
793 794 -1.000000000000000e+00
793 825 -1.000000000000000e+00
794 762 -1.000000000000000e+00
794 793 -1.000000000000000e+00
794 794 4.000000000000000e+00
794 795 -1.000000000000000e+00
794 826 -1.000000000000000e+00
795 763 -1.000000000000000e+00
795 794 -1.000000000000000e+00
795 795 4.000000000000000e+00
795 796 -1.000000000000000e+00
795 827 -1.000000000000000e+00
796 764 -1.000000000000000e+00
796 795 -1.000000000000000e+00
796 796 4.000000000000000e+00
796 797 -1.000000000000000e+00
796 828 -1.000000000000000e+00
797 765 -1.000000000000000e+00
797 796 -1.000000000000000e+00
797 797 4.000000000000000e+00
797 798 -1.000000000000000e+00
797 829 -1.000000000000000e+00
798 766 -1.000000000000000e+00
798 797 -1.000000000000000e+00
798 798 4.000000000000000e+00
798 799 -1.000000000000000e+00
798 830 -1.000000000000000e+00
799 767 -1.000000000000000e+00
799 798 -1.000000000000000e+00
799 799 4.000000000000000e+00
799 831 -1.000000000000000e+00
800 768 -1.000000000000000e+00
800 800 4.000000000000000e+00
800 801 -1.000000000000000e+00
800 832 -1.000000000000000e+00
801 769 -1.000000000000000e+00
801 800 -1.000000000000000e+00
801 801 4.000000000000000e+00
801 802 -1.000000000000000e+00
801 833 -1.000000000000000e+00
802 770 -1.000000000000000e+00
802 801 -1.000000000000000e+00
802 802 4.000000000000000e+00
802 803 -1.000000000000000e+00
802 834 -1.000000000000000e+00
803 771 -1.000000000000000e+00
803 802 -1.000000000000000e+00
803 803 4.000000000000000e+00
803 804 -1.000000000000000e+00
803 835 -1.000000000000000e+00
804 772 -1.000000000000000e+00
804 803 -1.000000000000000e+00
804 804 4.000000000000000e+00
804 805 -1.000000000000000e+00
804 836 -1.000000000000000e+00
805 773 -1.000000000000000e+00
805 804 -1.000000000000000e+00
805 805 4.000000000000000e+00
805 806 -1.000000000000000e+00
805 837 -1.000000000000000e+00
806 774 -1.000000000000000e+00
806 805 -1.000000000000000e+00
806 806 4.000000000000000e+00
806 807 -1.000000000000000e+00
806 838 -1.000000000000000e+00
807 775 -1.000000000000000e+00
807 806 -1.000000000000000e+00
807 807 4.000000000000000e+00
807 808 -1.000000000000000e+00
807 839 -1.000000000000000e+00
808 776 -1.000000000000000e+00
808 807 -1.000000000000000e+00
808 808 4.000000000000000e+00
808 809 -1.000000000000000e+00
808 840 -1.000000000000000e+00
809 777 -1.000000000000000e+00
809 808 -1.000000000000000e+00
809 809 4.000000000000000e+00
809 810 -1.000000000000000e+00
809 841 -1.000000000000000e+00
810 778 -1.000000000000000e+00
810 809 -1.000000000000000e+00
810 810 4.000000000000000e+00
810 811 -1.000000000000000e+00
810 842 -1.000000000000000e+00
811 779 -1.000000000000000e+00
811 810 -1.000000000000000e+00
811 811 4.000000000000000e+00
811 812 -1.000000000000000e+00
811 843 -1.000000000000000e+00
812 780 -1.000000000000000e+00
812 811 -1.000000000000000e+00
812 812 4.000000000000000e+00
812 813 -1.000000000000000e+00
812 844 -1.000000000000000e+00
813 781 -1.000000000000000e+00
813 812 -1.000000000000000e+00
813 813 4.000000000000000e+00
813 814 -1.000000000000000e+00
813 845 -1.000000000000000e+00
814 782 -1.000000000000000e+00
814 813 -1.000000000000000e+00
814 814 4.000000000000000e+00
814 815 -1.000000000000000e+00
814 846 -1.000000000000000e+00
815 783 -1.000000000000000e+00
815 814 -1.000000000000000e+00
815 815 4.000000000000000e+00
815 816 -1.000000000000000e+00
815 847 -1.000000000000000e+00
816 784 -1.000000000000000e+00
816 815 -1.000000000000000e+00
816 816 4.000000000000000e+00
816 817 -1.000000000000000e+00
816 848 -1.000000000000000e+00
817 785 -1.000000000000000e+00
817 816 -1.000000000000000e+00
817 817 4.000000000000000e+00
817 818 -1.000000000000000e+00
817 849 -1.000000000000000e+00
818 786 -1.000000000000000e+00
818 817 -1.000000000000000e+00
818 818 4.000000000000000e+00
818 819 -1.000000000000000e+00
818 850 -1.000000000000000e+00
819 787 -1.000000000000000e+00
819 818 -1.000000000000000e+00
819 819 4.000000000000000e+00
819 820 -1.000000000000000e+00
819 851 -1.000000000000000e+00
820 788 -1.000000000000000e+00
820 819 -1.000000000000000e+00
820 820 4.000000000000000e+00
820 821 -1.000000000000000e+00
820 852 -1.000000000000000e+00
821 789 -1.000000000000000e+00
821 820 -1.000000000000000e+00
821 821 4.000000000000000e+00
821 822 -1.000000000000000e+00
821 853 -1.000000000000000e+00
822 790 -1.000000000000000e+00
822 821 -1.000000000000000e+00
822 822 4.000000000000000e+00
822 823 -1.000000000000000e+00
822 854 -1.000000000000000e+00
823 791 -1.000000000000000e+00
823 822 -1.000000000000000e+00
823 823 4.000000000000000e+00
823 824 -1.000000000000000e+00
823 855 -1.000000000000000e+00
824 792 -1.000000000000000e+00
824 823 -1.000000000000000e+00
824 824 4.000000000000000e+00
824 825 -1.000000000000000e+00
824 856 -1.000000000000000e+00
825 793 -1.000000000000000e+00
825 824 -1.000000000000000e+00
825 825 4.000000000000000e+00
825 826 -1.000000000000000e+00
825 857 -1.000000000000000e+00
826 794 -1.000000000000000e+00
826 825 -1.000000000000000e+00
826 826 4.000000000000000e+00
826 827 -1.000000000000000e+00
826 858 -1.000000000000000e+00
827 795 -1.000000000000000e+00
827 826 -1.000000000000000e+00
827 827 4.000000000000000e+00
827 828 -1.000000000000000e+00
827 859 -1.000000000000000e+00
828 796 -1.000000000000000e+00
828 827 -1.000000000000000e+00
828 828 4.000000000000000e+00
828 829 -1.000000000000000e+00
828 860 -1.000000000000000e+00
829 797 -1.000000000000000e+00
829 828 -1.000000000000000e+00
829 829 4.000000000000000e+00
829 830 -1.000000000000000e+00
829 861 -1.000000000000000e+00
830 798 -1.000000000000000e+00
830 829 -1.000000000000000e+00
830 830 4.000000000000000e+00
830 831 -1.000000000000000e+00
830 862 -1.000000000000000e+00
831 799 -1.000000000000000e+00
831 830 -1.000000000000000e+00
831 831 4.000000000000000e+00
831 863 -1.000000000000000e+00
832 800 -1.000000000000000e+00
832 832 4.000000000000000e+00
832 833 -1.000000000000000e+00
832 864 -1.000000000000000e+00
833 801 -1.000000000000000e+00
833 832 -1.000000000000000e+00
833 833 4.000000000000000e+00
833 834 -1.000000000000000e+00
833 865 -1.000000000000000e+00
834 802 -1.000000000000000e+00
834 833 -1.000000000000000e+00
834 834 4.000000000000000e+00
834 835 -1.000000000000000e+00
834 866 -1.000000000000000e+00
835 803 -1.000000000000000e+00
835 834 -1.000000000000000e+00
835 835 4.000000000000000e+00
835 836 -1.000000000000000e+00
835 867 -1.000000000000000e+00
836 804 -1.000000000000000e+00
836 835 -1.000000000000000e+00
836 836 4.000000000000000e+00
836 837 -1.000000000000000e+00
836 868 -1.000000000000000e+00
837 805 -1.000000000000000e+00
837 836 -1.000000000000000e+00
837 837 4.000000000000000e+00
837 838 -1.000000000000000e+00
837 869 -1.000000000000000e+00
838 806 -1.000000000000000e+00
838 837 -1.000000000000000e+00
838 838 4.000000000000000e+00
838 839 -1.000000000000000e+00
838 870 -1.000000000000000e+00
839 807 -1.000000000000000e+00
839 838 -1.000000000000000e+00
839 839 4.000000000000000e+00
839 840 -1.000000000000000e+00
839 871 -1.000000000000000e+00
840 808 -1.000000000000000e+00
840 839 -1.000000000000000e+00
840 840 4.000000000000000e+00
840 841 -1.000000000000000e+00
840 872 -1.000000000000000e+00
841 809 -1.000000000000000e+00
841 840 -1.000000000000000e+00
841 841 4.000000000000000e+00
841 842 -1.000000000000000e+00
841 873 -1.000000000000000e+00
842 810 -1.000000000000000e+00
842 841 -1.000000000000000e+00
842 842 4.000000000000000e+00
842 843 -1.000000000000000e+00
842 874 -1.000000000000000e+00
843 811 -1.000000000000000e+00
843 842 -1.000000000000000e+00
843 843 4.000000000000000e+00
843 844 -1.000000000000000e+00
843 875 -1.000000000000000e+00
844 812 -1.000000000000000e+00
844 843 -1.000000000000000e+00
844 844 4.000000000000000e+00
844 845 -1.000000000000000e+00
844 876 -1.000000000000000e+00
845 813 -1.000000000000000e+00
845 844 -1.000000000000000e+00
845 845 4.000000000000000e+00
845 846 -1.000000000000000e+00
845 877 -1.000000000000000e+00
846 814 -1.000000000000000e+00
846 845 -1.000000000000000e+00
846 846 4.000000000000000e+00
846 847 -1.000000000000000e+00
846 878 -1.000000000000000e+00
847 815 -1.000000000000000e+00
847 846 -1.000000000000000e+00
847 847 4.000000000000000e+00
847 848 -1.000000000000000e+00
847 879 -1.000000000000000e+00
848 816 -1.000000000000000e+00
848 847 -1.000000000000000e+00
848 848 4.000000000000000e+00
848 849 -1.000000000000000e+00
848 880 -1.000000000000000e+00
849 817 -1.000000000000000e+00
849 848 -1.000000000000000e+00
849 849 4.000000000000000e+00
849 850 -1.000000000000000e+00
849 881 -1.000000000000000e+00
850 818 -1.000000000000000e+00
850 849 -1.000000000000000e+00
850 850 4.000000000000000e+00
850 851 -1.000000000000000e+00
850 882 -1.000000000000000e+00
851 819 -1.000000000000000e+00
851 850 -1.000000000000000e+00
851 851 4.000000000000000e+00
851 852 -1.000000000000000e+00
851 883 -1.000000000000000e+00
852 820 -1.000000000000000e+00
852 851 -1.000000000000000e+00
852 852 4.000000000000000e+00
852 853 -1.000000000000000e+00
852 884 -1.000000000000000e+00
853 821 -1.000000000000000e+00
853 852 -1.000000000000000e+00
853 853 4.000000000000000e+00
853 854 -1.000000000000000e+00
853 885 -1.000000000000000e+00
854 822 -1.000000000000000e+00
854 853 -1.000000000000000e+00
854 854 4.000000000000000e+00
854 855 -1.000000000000000e+00
854 886 -1.000000000000000e+00
855 823 -1.000000000000000e+00
855 854 -1.000000000000000e+00
855 855 4.000000000000000e+00
855 856 -1.000000000000000e+00
855 887 -1.000000000000000e+00
856 824 -1.000000000000000e+00
856 855 -1.000000000000000e+00
856 856 4.000000000000000e+00
856 857 -1.000000000000000e+00
856 888 -1.000000000000000e+00
857 825 -1.000000000000000e+00
857 856 -1.000000000000000e+00
857 857 4.000000000000000e+00
857 858 -1.000000000000000e+00
857 889 -1.000000000000000e+00
858 826 -1.000000000000000e+00
858 857 -1.000000000000000e+00
858 858 4.000000000000000e+00
858 859 -1.000000000000000e+00
858 890 -1.000000000000000e+00
859 827 -1.000000000000000e+00
859 858 -1.000000000000000e+00
859 859 4.000000000000000e+00
859 860 -1.000000000000000e+00
859 891 -1.000000000000000e+00
860 828 -1.000000000000000e+00
860 859 -1.000000000000000e+00
860 860 4.000000000000000e+00
860 861 -1.000000000000000e+00
860 892 -1.000000000000000e+00
861 829 -1.000000000000000e+00
861 860 -1.000000000000000e+00
861 861 4.000000000000000e+00
861 862 -1.000000000000000e+00
861 893 -1.000000000000000e+00
862 830 -1.000000000000000e+00
862 861 -1.000000000000000e+00
862 862 4.000000000000000e+00
862 863 -1.000000000000000e+00
862 894 -1.000000000000000e+00
863 831 -1.000000000000000e+00
863 862 -1.000000000000000e+00
863 863 4.000000000000000e+00
863 895 -1.000000000000000e+00
864 832 -1.000000000000000e+00
864 864 4.000000000000000e+00
864 865 -1.000000000000000e+00
864 896 -1.000000000000000e+00
865 833 -1.000000000000000e+00
865 864 -1.000000000000000e+00
865 865 4.000000000000000e+00
865 866 -1.000000000000000e+00
865 897 -1.000000000000000e+00
866 834 -1.000000000000000e+00
866 865 -1.000000000000000e+00
866 866 4.000000000000000e+00
866 867 -1.000000000000000e+00
866 898 -1.000000000000000e+00
867 835 -1.000000000000000e+00
867 866 -1.000000000000000e+00
867 867 4.000000000000000e+00
867 868 -1.000000000000000e+00
867 899 -1.000000000000000e+00
868 836 -1.000000000000000e+00
868 867 -1.000000000000000e+00
868 868 4.000000000000000e+00
868 869 -1.000000000000000e+00
868 900 -1.000000000000000e+00
869 837 -1.000000000000000e+00
869 868 -1.000000000000000e+00
869 869 4.000000000000000e+00
869 870 -1.000000000000000e+00
869 901 -1.000000000000000e+00
870 838 -1.000000000000000e+00
870 869 -1.000000000000000e+00
870 870 4.000000000000000e+00
870 871 -1.000000000000000e+00
870 902 -1.000000000000000e+00
871 839 -1.000000000000000e+00
871 870 -1.000000000000000e+00
871 871 4.000000000000000e+00
871 872 -1.000000000000000e+00
871 903 -1.000000000000000e+00
872 840 -1.000000000000000e+00
872 871 -1.000000000000000e+00
872 872 4.000000000000000e+00
872 873 -1.000000000000000e+00
872 904 -1.000000000000000e+00
873 841 -1.000000000000000e+00
873 872 -1.000000000000000e+00
873 873 4.000000000000000e+00
873 874 -1.000000000000000e+00
873 905 -1.000000000000000e+00
874 842 -1.000000000000000e+00
874 873 -1.000000000000000e+00
874 874 4.000000000000000e+00
874 875 -1.000000000000000e+00
874 906 -1.000000000000000e+00
875 843 -1.000000000000000e+00
875 874 -1.000000000000000e+00
875 875 4.000000000000000e+00
875 876 -1.000000000000000e+00
875 907 -1.000000000000000e+00
876 844 -1.000000000000000e+00
876 875 -1.000000000000000e+00
876 876 4.000000000000000e+00
876 877 -1.000000000000000e+00
876 908 -1.000000000000000e+00
877 845 -1.000000000000000e+00
877 876 -1.000000000000000e+00
877 877 4.000000000000000e+00
877 878 -1.000000000000000e+00
877 909 -1.000000000000000e+00
878 846 -1.000000000000000e+00
878 877 -1.000000000000000e+00
878 878 4.000000000000000e+00
878 879 -1.000000000000000e+00
878 910 -1.000000000000000e+00
879 847 -1.000000000000000e+00
879 878 -1.000000000000000e+00
879 879 4.000000000000000e+00
879 880 -1.000000000000000e+00
879 911 -1.000000000000000e+00
880 848 -1.000000000000000e+00
880 879 -1.000000000000000e+00
880 880 4.000000000000000e+00
880 881 -1.000000000000000e+00
880 912 -1.000000000000000e+00
881 849 -1.000000000000000e+00
881 880 -1.000000000000000e+00
881 881 4.000000000000000e+00
881 882 -1.000000000000000e+00
881 913 -1.000000000000000e+00
882 850 -1.000000000000000e+00
882 881 -1.000000000000000e+00
882 882 4.000000000000000e+00
882 883 -1.000000000000000e+00
882 914 -1.000000000000000e+00
883 851 -1.000000000000000e+00
883 882 -1.000000000000000e+00
883 883 4.000000000000000e+00
883 884 -1.000000000000000e+00
883 915 -1.000000000000000e+00
884 852 -1.000000000000000e+00
884 883 -1.000000000000000e+00
884 884 4.000000000000000e+00
884 885 -1.000000000000000e+00
884 916 -1.000000000000000e+00
885 853 -1.000000000000000e+00
885 884 -1.000000000000000e+00
885 885 4.000000000000000e+00
885 886 -1.000000000000000e+00
885 917 -1.000000000000000e+00
886 854 -1.000000000000000e+00
886 885 -1.000000000000000e+00
886 886 4.000000000000000e+00
886 887 -1.000000000000000e+00
886 918 -1.000000000000000e+00
887 855 -1.000000000000000e+00
887 886 -1.000000000000000e+00
887 887 4.000000000000000e+00
887 888 -1.000000000000000e+00
887 919 -1.000000000000000e+00
888 856 -1.000000000000000e+00
888 887 -1.000000000000000e+00
888 888 4.000000000000000e+00
888 889 -1.000000000000000e+00
888 920 -1.000000000000000e+00
889 857 -1.000000000000000e+00
889 888 -1.000000000000000e+00
889 889 4.000000000000000e+00
889 890 -1.000000000000000e+00
889 921 -1.000000000000000e+00
890 858 -1.000000000000000e+00
890 889 -1.000000000000000e+00
890 890 4.000000000000000e+00
890 891 -1.000000000000000e+00
890 922 -1.000000000000000e+00
891 859 -1.000000000000000e+00
891 890 -1.000000000000000e+00
891 891 4.000000000000000e+00
891 892 -1.000000000000000e+00
891 923 -1.000000000000000e+00
892 860 -1.000000000000000e+00
892 891 -1.000000000000000e+00
892 892 4.000000000000000e+00
892 893 -1.000000000000000e+00
892 924 -1.000000000000000e+00
893 861 -1.000000000000000e+00
893 892 -1.000000000000000e+00
893 893 4.000000000000000e+00
893 894 -1.000000000000000e+00
893 925 -1.000000000000000e+00
894 862 -1.000000000000000e+00
894 893 -1.000000000000000e+00
894 894 4.000000000000000e+00
894 895 -1.000000000000000e+00
894 926 -1.000000000000000e+00
895 863 -1.000000000000000e+00
895 894 -1.000000000000000e+00
895 895 4.000000000000000e+00
895 927 -1.000000000000000e+00
896 864 -1.000000000000000e+00
896 896 4.000000000000000e+00
896 897 -1.000000000000000e+00
896 928 -1.000000000000000e+00
897 865 -1.000000000000000e+00
897 896 -1.000000000000000e+00
897 897 4.000000000000000e+00
897 898 -1.000000000000000e+00
897 929 -1.000000000000000e+00
898 866 -1.000000000000000e+00
898 897 -1.000000000000000e+00
898 898 4.000000000000000e+00
898 899 -1.000000000000000e+00
898 930 -1.000000000000000e+00
899 867 -1.000000000000000e+00
899 898 -1.000000000000000e+00
899 899 4.000000000000000e+00
899 900 -1.000000000000000e+00
899 931 -1.000000000000000e+00
900 868 -1.000000000000000e+00
900 899 -1.000000000000000e+00
900 900 4.000000000000000e+00
900 901 -1.000000000000000e+00
900 932 -1.000000000000000e+00
901 869 -1.000000000000000e+00
901 900 -1.000000000000000e+00
901 901 4.000000000000000e+00
901 902 -1.000000000000000e+00
901 933 -1.000000000000000e+00
902 870 -1.000000000000000e+00
902 901 -1.000000000000000e+00
902 902 4.000000000000000e+00
902 903 -1.000000000000000e+00
902 934 -1.000000000000000e+00
903 871 -1.000000000000000e+00
903 902 -1.000000000000000e+00
903 903 4.000000000000000e+00
903 904 -1.000000000000000e+00
903 935 -1.000000000000000e+00
904 872 -1.000000000000000e+00
904 903 -1.000000000000000e+00
904 904 4.000000000000000e+00
904 905 -1.000000000000000e+00
904 936 -1.000000000000000e+00
905 873 -1.000000000000000e+00
905 904 -1.000000000000000e+00
905 905 4.000000000000000e+00
905 906 -1.000000000000000e+00
905 937 -1.000000000000000e+00
906 874 -1.000000000000000e+00
906 905 -1.000000000000000e+00
906 906 4.000000000000000e+00
906 907 -1.000000000000000e+00
906 938 -1.000000000000000e+00
907 875 -1.000000000000000e+00
907 906 -1.000000000000000e+00
907 907 4.000000000000000e+00
907 908 -1.000000000000000e+00
907 939 -1.000000000000000e+00
908 876 -1.000000000000000e+00
908 907 -1.000000000000000e+00
908 908 4.000000000000000e+00
908 909 -1.000000000000000e+00
908 940 -1.000000000000000e+00
909 877 -1.000000000000000e+00
909 908 -1.000000000000000e+00
909 909 4.000000000000000e+00
909 910 -1.000000000000000e+00
909 941 -1.000000000000000e+00
910 878 -1.000000000000000e+00
910 909 -1.000000000000000e+00
910 910 4.000000000000000e+00
910 911 -1.000000000000000e+00
910 942 -1.000000000000000e+00
911 879 -1.000000000000000e+00
911 910 -1.000000000000000e+00
911 911 4.000000000000000e+00
911 912 -1.000000000000000e+00
911 943 -1.000000000000000e+00
912 880 -1.000000000000000e+00
912 911 -1.000000000000000e+00
912 912 4.000000000000000e+00
912 913 -1.000000000000000e+00
912 944 -1.000000000000000e+00
913 881 -1.000000000000000e+00
913 912 -1.000000000000000e+00
913 913 4.000000000000000e+00
913 914 -1.000000000000000e+00
913 945 -1.000000000000000e+00
914 882 -1.000000000000000e+00
914 913 -1.000000000000000e+00
914 914 4.000000000000000e+00
914 915 -1.000000000000000e+00
914 946 -1.000000000000000e+00
915 883 -1.000000000000000e+00
915 914 -1.000000000000000e+00
915 915 4.000000000000000e+00
915 916 -1.000000000000000e+00
915 947 -1.000000000000000e+00
916 884 -1.000000000000000e+00
916 915 -1.000000000000000e+00
916 916 4.000000000000000e+00
916 917 -1.000000000000000e+00
916 948 -1.000000000000000e+00
917 885 -1.000000000000000e+00
917 916 -1.000000000000000e+00
917 917 4.000000000000000e+00
917 918 -1.000000000000000e+00
917 949 -1.000000000000000e+00
918 886 -1.000000000000000e+00
918 917 -1.000000000000000e+00
918 918 4.000000000000000e+00
918 919 -1.000000000000000e+00
918 950 -1.000000000000000e+00
919 887 -1.000000000000000e+00
919 918 -1.000000000000000e+00
919 919 4.000000000000000e+00
919 920 -1.000000000000000e+00
919 951 -1.000000000000000e+00
920 888 -1.000000000000000e+00
920 919 -1.000000000000000e+00
920 920 4.000000000000000e+00
920 921 -1.000000000000000e+00
920 952 -1.000000000000000e+00
921 889 -1.000000000000000e+00
921 920 -1.000000000000000e+00
921 921 4.000000000000000e+00
921 922 -1.000000000000000e+00
921 953 -1.000000000000000e+00
922 890 -1.000000000000000e+00
922 921 -1.000000000000000e+00
922 922 4.000000000000000e+00
922 923 -1.000000000000000e+00
922 954 -1.000000000000000e+00
923 891 -1.000000000000000e+00
923 922 -1.000000000000000e+00
923 923 4.000000000000000e+00
923 924 -1.000000000000000e+00
923 955 -1.000000000000000e+00
924 892 -1.000000000000000e+00
924 923 -1.000000000000000e+00
924 924 4.000000000000000e+00
924 925 -1.000000000000000e+00
924 956 -1.000000000000000e+00
925 893 -1.000000000000000e+00
925 924 -1.000000000000000e+00
925 925 4.000000000000000e+00
925 926 -1.000000000000000e+00
925 957 -1.000000000000000e+00
926 894 -1.000000000000000e+00
926 925 -1.000000000000000e+00
926 926 4.000000000000000e+00
926 927 -1.000000000000000e+00
926 958 -1.000000000000000e+00
927 895 -1.000000000000000e+00
927 926 -1.000000000000000e+00
927 927 4.000000000000000e+00
927 959 -1.000000000000000e+00
928 896 -1.000000000000000e+00
928 928 4.000000000000000e+00
928 929 -1.000000000000000e+00
928 960 -1.000000000000000e+00
929 897 -1.000000000000000e+00
929 928 -1.000000000000000e+00
929 929 4.000000000000000e+00
929 930 -1.000000000000000e+00
929 961 -1.000000000000000e+00
930 898 -1.000000000000000e+00
930 929 -1.000000000000000e+00
930 930 4.000000000000000e+00
930 931 -1.000000000000000e+00
930 962 -1.000000000000000e+00
931 899 -1.000000000000000e+00
931 930 -1.000000000000000e+00
931 931 4.000000000000000e+00
931 932 -1.000000000000000e+00
931 963 -1.000000000000000e+00
932 900 -1.000000000000000e+00
932 931 -1.000000000000000e+00
932 932 4.000000000000000e+00
932 933 -1.000000000000000e+00
932 964 -1.000000000000000e+00
933 901 -1.000000000000000e+00
933 932 -1.000000000000000e+00
933 933 4.000000000000000e+00
933 934 -1.000000000000000e+00
933 965 -1.000000000000000e+00
934 902 -1.000000000000000e+00
934 933 -1.000000000000000e+00
934 934 4.000000000000000e+00
934 935 -1.000000000000000e+00
934 966 -1.000000000000000e+00
935 903 -1.000000000000000e+00
935 934 -1.000000000000000e+00
935 935 4.000000000000000e+00
935 936 -1.000000000000000e+00
935 967 -1.000000000000000e+00
936 904 -1.000000000000000e+00
936 935 -1.000000000000000e+00
936 936 4.000000000000000e+00
936 937 -1.000000000000000e+00
936 968 -1.000000000000000e+00
937 905 -1.000000000000000e+00
937 936 -1.000000000000000e+00
937 937 4.000000000000000e+00
937 938 -1.000000000000000e+00
937 969 -1.000000000000000e+00
938 906 -1.000000000000000e+00
938 937 -1.000000000000000e+00
938 938 4.000000000000000e+00
938 939 -1.000000000000000e+00
938 970 -1.000000000000000e+00
939 907 -1.000000000000000e+00
939 938 -1.000000000000000e+00
939 939 4.000000000000000e+00
939 940 -1.000000000000000e+00
939 971 -1.000000000000000e+00
940 908 -1.000000000000000e+00
940 939 -1.000000000000000e+00
940 940 4.000000000000000e+00
940 941 -1.000000000000000e+00
940 972 -1.000000000000000e+00
941 909 -1.000000000000000e+00
941 940 -1.000000000000000e+00
941 941 4.000000000000000e+00
941 942 -1.000000000000000e+00
941 973 -1.000000000000000e+00
942 910 -1.000000000000000e+00
942 941 -1.000000000000000e+00
942 942 4.000000000000000e+00
942 943 -1.000000000000000e+00
942 974 -1.000000000000000e+00
943 911 -1.000000000000000e+00
943 942 -1.000000000000000e+00
943 943 4.000000000000000e+00
943 944 -1.000000000000000e+00
943 975 -1.000000000000000e+00
944 912 -1.000000000000000e+00
944 943 -1.000000000000000e+00
944 944 4.000000000000000e+00
944 945 -1.000000000000000e+00
944 976 -1.000000000000000e+00
945 913 -1.000000000000000e+00
945 944 -1.000000000000000e+00
945 945 4.000000000000000e+00
945 946 -1.000000000000000e+00
945 977 -1.000000000000000e+00
946 914 -1.000000000000000e+00
946 945 -1.000000000000000e+00
946 946 4.000000000000000e+00
946 947 -1.000000000000000e+00
946 978 -1.000000000000000e+00
947 915 -1.000000000000000e+00
947 946 -1.000000000000000e+00
947 947 4.000000000000000e+00
947 948 -1.000000000000000e+00
947 979 -1.000000000000000e+00
948 916 -1.000000000000000e+00
948 947 -1.000000000000000e+00
948 948 4.000000000000000e+00
948 949 -1.000000000000000e+00
948 980 -1.000000000000000e+00
949 917 -1.000000000000000e+00
949 948 -1.000000000000000e+00
949 949 4.000000000000000e+00
949 950 -1.000000000000000e+00
949 981 -1.000000000000000e+00
950 918 -1.000000000000000e+00
950 949 -1.000000000000000e+00
950 950 4.000000000000000e+00
950 951 -1.000000000000000e+00
950 982 -1.000000000000000e+00
951 919 -1.000000000000000e+00
951 950 -1.000000000000000e+00
951 951 4.000000000000000e+00
951 952 -1.000000000000000e+00
951 983 -1.000000000000000e+00
952 920 -1.000000000000000e+00
952 951 -1.000000000000000e+00
952 952 4.000000000000000e+00
952 953 -1.000000000000000e+00
952 984 -1.000000000000000e+00
953 921 -1.000000000000000e+00
953 952 -1.000000000000000e+00
953 953 4.000000000000000e+00
953 954 -1.000000000000000e+00
953 985 -1.000000000000000e+00
954 922 -1.000000000000000e+00
954 953 -1.000000000000000e+00
954 954 4.000000000000000e+00
954 955 -1.000000000000000e+00
954 986 -1.000000000000000e+00
955 923 -1.000000000000000e+00
955 954 -1.000000000000000e+00
955 955 4.000000000000000e+00
955 956 -1.000000000000000e+00
955 987 -1.000000000000000e+00
956 924 -1.000000000000000e+00
956 955 -1.000000000000000e+00
956 956 4.000000000000000e+00
956 957 -1.000000000000000e+00
956 988 -1.000000000000000e+00
957 925 -1.000000000000000e+00
957 956 -1.000000000000000e+00
957 957 4.000000000000000e+00
957 958 -1.000000000000000e+00
957 989 -1.000000000000000e+00
958 926 -1.000000000000000e+00
958 957 -1.000000000000000e+00
958 958 4.000000000000000e+00
958 959 -1.000000000000000e+00
958 990 -1.000000000000000e+00
959 927 -1.000000000000000e+00
959 958 -1.000000000000000e+00
959 959 4.000000000000000e+00
959 991 -1.000000000000000e+00
960 928 -1.000000000000000e+00
960 960 4.000000000000000e+00
960 961 -1.000000000000000e+00
960 992 -1.000000000000000e+00
961 929 -1.000000000000000e+00
961 960 -1.000000000000000e+00
961 961 4.000000000000000e+00
961 962 -1.000000000000000e+00
961 993 -1.000000000000000e+00
962 930 -1.000000000000000e+00
962 961 -1.000000000000000e+00
962 962 4.000000000000000e+00
962 963 -1.000000000000000e+00
962 994 -1.000000000000000e+00
963 931 -1.000000000000000e+00
963 962 -1.000000000000000e+00
963 963 4.000000000000000e+00
963 964 -1.000000000000000e+00
963 995 -1.000000000000000e+00
964 932 -1.000000000000000e+00
964 963 -1.000000000000000e+00
964 964 4.000000000000000e+00
964 965 -1.000000000000000e+00
964 996 -1.000000000000000e+00
965 933 -1.000000000000000e+00
965 964 -1.000000000000000e+00
965 965 4.000000000000000e+00
965 966 -1.000000000000000e+00
965 997 -1.000000000000000e+00
966 934 -1.000000000000000e+00
966 965 -1.000000000000000e+00
966 966 4.000000000000000e+00
966 967 -1.000000000000000e+00
966 998 -1.000000000000000e+00
967 935 -1.000000000000000e+00
967 966 -1.000000000000000e+00
967 967 4.000000000000000e+00
967 968 -1.000000000000000e+00
967 999 -1.000000000000000e+00
968 936 -1.000000000000000e+00
968 967 -1.000000000000000e+00
968 968 4.000000000000000e+00
968 969 -1.000000000000000e+00
968 1000 -1.000000000000000e+00
969 937 -1.000000000000000e+00
969 968 -1.000000000000000e+00
969 969 4.000000000000000e+00
969 970 -1.000000000000000e+00
969 1001 -1.000000000000000e+00
970 938 -1.000000000000000e+00
970 969 -1.000000000000000e+00
970 970 4.000000000000000e+00
970 971 -1.000000000000000e+00
970 1002 -1.000000000000000e+00
971 939 -1.000000000000000e+00
971 970 -1.000000000000000e+00
971 971 4.000000000000000e+00
971 972 -1.000000000000000e+00
971 1003 -1.000000000000000e+00
972 940 -1.000000000000000e+00
972 971 -1.000000000000000e+00
972 972 4.000000000000000e+00
972 973 -1.000000000000000e+00
972 1004 -1.000000000000000e+00
973 941 -1.000000000000000e+00
973 972 -1.000000000000000e+00
973 973 4.000000000000000e+00
973 974 -1.000000000000000e+00
973 1005 -1.000000000000000e+00
974 942 -1.000000000000000e+00
974 973 -1.000000000000000e+00
974 974 4.000000000000000e+00
974 975 -1.000000000000000e+00
974 1006 -1.000000000000000e+00
975 943 -1.000000000000000e+00
975 974 -1.000000000000000e+00
975 975 4.000000000000000e+00
975 976 -1.000000000000000e+00
975 1007 -1.000000000000000e+00
976 944 -1.000000000000000e+00
976 975 -1.000000000000000e+00
976 976 4.000000000000000e+00
976 977 -1.000000000000000e+00
976 1008 -1.000000000000000e+00
977 945 -1.000000000000000e+00
977 976 -1.000000000000000e+00
977 977 4.000000000000000e+00
977 978 -1.000000000000000e+00
977 1009 -1.000000000000000e+00
978 946 -1.000000000000000e+00
978 977 -1.000000000000000e+00
978 978 4.000000000000000e+00
978 979 -1.000000000000000e+00
978 1010 -1.000000000000000e+00
979 947 -1.000000000000000e+00
979 978 -1.000000000000000e+00
979 979 4.000000000000000e+00
979 980 -1.000000000000000e+00
979 1011 -1.000000000000000e+00
980 948 -1.000000000000000e+00
980 979 -1.000000000000000e+00
980 980 4.000000000000000e+00
980 981 -1.000000000000000e+00
980 1012 -1.000000000000000e+00
981 949 -1.000000000000000e+00
981 980 -1.000000000000000e+00
981 981 4.000000000000000e+00
981 982 -1.000000000000000e+00
981 1013 -1.000000000000000e+00
982 950 -1.000000000000000e+00
982 981 -1.000000000000000e+00
982 982 4.000000000000000e+00
982 983 -1.000000000000000e+00
982 1014 -1.000000000000000e+00
983 951 -1.000000000000000e+00
983 982 -1.000000000000000e+00
983 983 4.000000000000000e+00
983 984 -1.000000000000000e+00
983 1015 -1.000000000000000e+00
984 952 -1.000000000000000e+00
984 983 -1.000000000000000e+00
984 984 4.000000000000000e+00
984 985 -1.000000000000000e+00
984 1016 -1.000000000000000e+00
985 953 -1.000000000000000e+00
985 984 -1.000000000000000e+00
985 985 4.000000000000000e+00
985 986 -1.000000000000000e+00
985 1017 -1.000000000000000e+00
986 954 -1.000000000000000e+00
986 985 -1.000000000000000e+00
986 986 4.000000000000000e+00
986 987 -1.000000000000000e+00
986 1018 -1.000000000000000e+00
987 955 -1.000000000000000e+00
987 986 -1.000000000000000e+00
987 987 4.000000000000000e+00
987 988 -1.000000000000000e+00
987 1019 -1.000000000000000e+00
988 956 -1.000000000000000e+00
988 987 -1.000000000000000e+00
988 988 4.000000000000000e+00
988 989 -1.000000000000000e+00
988 1020 -1.000000000000000e+00
989 957 -1.000000000000000e+00
989 988 -1.000000000000000e+00
989 989 4.000000000000000e+00
989 990 -1.000000000000000e+00
989 1021 -1.000000000000000e+00
990 958 -1.000000000000000e+00
990 989 -1.000000000000000e+00
990 990 4.000000000000000e+00
990 991 -1.000000000000000e+00
990 1022 -1.000000000000000e+00
991 959 -1.000000000000000e+00
991 990 -1.000000000000000e+00
991 991 4.000000000000000e+00
991 1023 -1.000000000000000e+00
992 960 -1.000000000000000e+00
992 992 4.000000000000000e+00
992 993 -1.000000000000000e+00
993 961 -1.000000000000000e+00
993 992 -1.000000000000000e+00
993 993 4.000000000000000e+00
993 994 -1.000000000000000e+00
994 962 -1.000000000000000e+00
994 993 -1.000000000000000e+00
994 994 4.000000000000000e+00
994 995 -1.000000000000000e+00
995 963 -1.000000000000000e+00
995 994 -1.000000000000000e+00
995 995 4.000000000000000e+00
995 996 -1.000000000000000e+00
996 964 -1.000000000000000e+00
996 995 -1.000000000000000e+00
996 996 4.000000000000000e+00
996 997 -1.000000000000000e+00
997 965 -1.000000000000000e+00
997 996 -1.000000000000000e+00
997 997 4.000000000000000e+00
997 998 -1.000000000000000e+00
998 966 -1.000000000000000e+00
998 997 -1.000000000000000e+00
998 998 4.000000000000000e+00
998 999 -1.000000000000000e+00
999 967 -1.000000000000000e+00
999 998 -1.000000000000000e+00
999 999 4.000000000000000e+00
999 1000 -1.000000000000000e+00
1000 968 -1.000000000000000e+00
1000 999 -1.000000000000000e+00
1000 1000 4.000000000000000e+00
1000 1001 -1.000000000000000e+00
1001 969 -1.000000000000000e+00
1001 1000 -1.000000000000000e+00
1001 1001 4.000000000000000e+00
1001 1002 -1.000000000000000e+00
1002 970 -1.000000000000000e+00
1002 1001 -1.000000000000000e+00
1002 1002 4.000000000000000e+00
1002 1003 -1.000000000000000e+00
1003 971 -1.000000000000000e+00
1003 1002 -1.000000000000000e+00
1003 1003 4.000000000000000e+00
1003 1004 -1.000000000000000e+00
1004 972 -1.000000000000000e+00
1004 1003 -1.000000000000000e+00
1004 1004 4.000000000000000e+00
1004 1005 -1.000000000000000e+00
1005 973 -1.000000000000000e+00
1005 1004 -1.000000000000000e+00
1005 1005 4.000000000000000e+00
1005 1006 -1.000000000000000e+00
1006 974 -1.000000000000000e+00
1006 1005 -1.000000000000000e+00
1006 1006 4.000000000000000e+00
1006 1007 -1.000000000000000e+00
1007 975 -1.000000000000000e+00
1007 1006 -1.000000000000000e+00
1007 1007 4.000000000000000e+00
1007 1008 -1.000000000000000e+00
1008 976 -1.000000000000000e+00
1008 1007 -1.000000000000000e+00
1008 1008 4.000000000000000e+00
1008 1009 -1.000000000000000e+00
1009 977 -1.000000000000000e+00
1009 1008 -1.000000000000000e+00
1009 1009 4.000000000000000e+00
1009 1010 -1.000000000000000e+00
1010 978 -1.000000000000000e+00
1010 1009 -1.000000000000000e+00
1010 1010 4.000000000000000e+00
1010 1011 -1.000000000000000e+00
1011 979 -1.000000000000000e+00
1011 1010 -1.000000000000000e+00
1011 1011 4.000000000000000e+00
1011 1012 -1.000000000000000e+00
1012 980 -1.000000000000000e+00
1012 1011 -1.000000000000000e+00
1012 1012 4.000000000000000e+00
1012 1013 -1.000000000000000e+00
1013 981 -1.000000000000000e+00
1013 1012 -1.000000000000000e+00
1013 1013 4.000000000000000e+00
1013 1014 -1.000000000000000e+00
1014 982 -1.000000000000000e+00
1014 1013 -1.000000000000000e+00
1014 1014 4.000000000000000e+00
1014 1015 -1.000000000000000e+00
1015 983 -1.000000000000000e+00
1015 1014 -1.000000000000000e+00
1015 1015 4.000000000000000e+00
1015 1016 -1.000000000000000e+00
1016 984 -1.000000000000000e+00
1016 1015 -1.000000000000000e+00
1016 1016 4.000000000000000e+00
1016 1017 -1.000000000000000e+00
1017 985 -1.000000000000000e+00
1017 1016 -1.000000000000000e+00
1017 1017 4.000000000000000e+00
1017 1018 -1.000000000000000e+00
1018 986 -1.000000000000000e+00
1018 1017 -1.000000000000000e+00
1018 1018 4.000000000000000e+00
1018 1019 -1.000000000000000e+00
1019 987 -1.000000000000000e+00
1019 1018 -1.000000000000000e+00
1019 1019 4.000000000000000e+00
1019 1020 -1.000000000000000e+00
1020 988 -1.000000000000000e+00
1020 1019 -1.000000000000000e+00
1020 1020 4.000000000000000e+00
1020 1021 -1.000000000000000e+00
1021 989 -1.000000000000000e+00
1021 1020 -1.000000000000000e+00
1021 1021 4.000000000000000e+00
1021 1022 -1.000000000000000e+00
1022 990 -1.000000000000000e+00
1022 1021 -1.000000000000000e+00
1022 1022 4.000000000000000e+00
1022 1023 -1.000000000000000e+00
1023 991 -1.000000000000000e+00
1023 1022 -1.000000000000000e+00
1023 1023 4.000000000000000e+00
