0 511 0 511
0 0 4.000000000000000e+00
0 1 -1.000000000000000e+00
0 32 -1.000000000000000e+00
1 0 -1.000000000000000e+00
1 1 4.000000000000000e+00
1 2 -1.000000000000000e+00
1 33 -1.000000000000000e+00
2 1 -1.000000000000000e+00
2 2 4.000000000000000e+00
2 3 -1.000000000000000e+00
2 34 -1.000000000000000e+00
3 2 -1.000000000000000e+00
3 3 4.000000000000000e+00
3 4 -1.000000000000000e+00
3 35 -1.000000000000000e+00
4 3 -1.000000000000000e+00
4 4 4.000000000000000e+00
4 5 -1.000000000000000e+00
4 36 -1.000000000000000e+00
5 4 -1.000000000000000e+00
5 5 4.000000000000000e+00
5 6 -1.000000000000000e+00
5 37 -1.000000000000000e+00
6 5 -1.000000000000000e+00
6 6 4.000000000000000e+00
6 7 -1.000000000000000e+00
6 38 -1.000000000000000e+00
7 6 -1.000000000000000e+00
7 7 4.000000000000000e+00
7 8 -1.000000000000000e+00
7 39 -1.000000000000000e+00
8 7 -1.000000000000000e+00
8 8 4.000000000000000e+00
8 9 -1.000000000000000e+00
8 40 -1.000000000000000e+00
9 8 -1.000000000000000e+00
9 9 4.000000000000000e+00
9 10 -1.000000000000000e+00
9 41 -1.000000000000000e+00
10 9 -1.000000000000000e+00
10 10 4.000000000000000e+00
10 11 -1.000000000000000e+00
10 42 -1.000000000000000e+00
11 10 -1.000000000000000e+00
11 11 4.000000000000000e+00
11 12 -1.000000000000000e+00
11 43 -1.000000000000000e+00
12 11 -1.000000000000000e+00
12 12 4.000000000000000e+00
12 13 -1.000000000000000e+00
12 44 -1.000000000000000e+00
13 12 -1.000000000000000e+00
13 13 4.000000000000000e+00
13 14 -1.000000000000000e+00
13 45 -1.000000000000000e+00
14 13 -1.000000000000000e+00
14 14 4.000000000000000e+00
14 15 -1.000000000000000e+00
14 46 -1.000000000000000e+00
15 14 -1.000000000000000e+00
15 15 4.000000000000000e+00
15 16 -1.000000000000000e+00
15 47 -1.000000000000000e+00
16 15 -1.000000000000000e+00
16 16 4.000000000000000e+00
16 17 -1.000000000000000e+00
16 48 -1.000000000000000e+00
17 16 -1.000000000000000e+00
17 17 4.000000000000000e+00
17 18 -1.000000000000000e+00
17 49 -1.000000000000000e+00
18 17 -1.000000000000000e+00
18 18 4.000000000000000e+00
18 19 -1.000000000000000e+00
18 50 -1.000000000000000e+00
19 18 -1.000000000000000e+00
19 19 4.000000000000000e+00
19 20 -1.000000000000000e+00
19 51 -1.000000000000000e+00
20 19 -1.000000000000000e+00
20 20 4.000000000000000e+00
20 21 -1.000000000000000e+00
20 52 -1.000000000000000e+00
21 20 -1.000000000000000e+00
21 21 4.000000000000000e+00
21 22 -1.000000000000000e+00
21 53 -1.000000000000000e+00
22 21 -1.000000000000000e+00
22 22 4.000000000000000e+00
22 23 -1.000000000000000e+00
22 54 -1.000000000000000e+00
23 22 -1.000000000000000e+00
23 23 4.000000000000000e+00
23 24 -1.000000000000000e+00
23 55 -1.000000000000000e+00
24 23 -1.000000000000000e+00
24 24 4.000000000000000e+00
24 25 -1.000000000000000e+00
24 56 -1.000000000000000e+00
25 24 -1.000000000000000e+00
25 25 4.000000000000000e+00
25 26 -1.000000000000000e+00
25 57 -1.000000000000000e+00
26 25 -1.000000000000000e+00
26 26 4.000000000000000e+00
26 27 -1.000000000000000e+00
26 58 -1.000000000000000e+00
27 26 -1.000000000000000e+00
27 27 4.000000000000000e+00
27 28 -1.000000000000000e+00
27 59 -1.000000000000000e+00
28 27 -1.000000000000000e+00
28 28 4.000000000000000e+00
28 29 -1.000000000000000e+00
28 60 -1.000000000000000e+00
29 28 -1.000000000000000e+00
29 29 4.000000000000000e+00
29 30 -1.000000000000000e+00
29 61 -1.000000000000000e+00
30 29 -1.000000000000000e+00
30 30 4.000000000000000e+00
30 31 -1.000000000000000e+00
30 62 -1.000000000000000e+00
31 30 -1.000000000000000e+00
31 31 4.000000000000000e+00
31 63 -1.000000000000000e+00
32 0 -1.000000000000000e+00
32 32 4.000000000000000e+00
32 33 -1.000000000000000e+00
32 64 -1.000000000000000e+00
33 1 -1.000000000000000e+00
33 32 -1.000000000000000e+00
33 33 4.000000000000000e+00
33 34 -1.000000000000000e+00
33 65 -1.000000000000000e+00
34 2 -1.000000000000000e+00
34 33 -1.000000000000000e+00
34 34 4.000000000000000e+00
34 35 -1.000000000000000e+00
34 66 -1.000000000000000e+00
35 3 -1.000000000000000e+00
35 34 -1.000000000000000e+00
35 35 4.000000000000000e+00
35 36 -1.000000000000000e+00
35 67 -1.000000000000000e+00
36 4 -1.000000000000000e+00
36 35 -1.000000000000000e+00
36 36 4.000000000000000e+00
36 37 -1.000000000000000e+00
36 68 -1.000000000000000e+00
37 5 -1.000000000000000e+00
37 36 -1.000000000000000e+00
37 37 4.000000000000000e+00
37 38 -1.000000000000000e+00
37 69 -1.000000000000000e+00
38 6 -1.000000000000000e+00
38 37 -1.000000000000000e+00
38 38 4.000000000000000e+00
38 39 -1.000000000000000e+00
38 70 -1.000000000000000e+00
39 7 -1.000000000000000e+00
39 38 -1.000000000000000e+00
39 39 4.000000000000000e+00
39 40 -1.000000000000000e+00
39 71 -1.000000000000000e+00
40 8 -1.000000000000000e+00
40 39 -1.000000000000000e+00
40 40 4.000000000000000e+00
40 41 -1.000000000000000e+00
40 72 -1.000000000000000e+00
41 9 -1.000000000000000e+00
41 40 -1.000000000000000e+00
41 41 4.000000000000000e+00
41 42 -1.000000000000000e+00
41 73 -1.000000000000000e+00
42 10 -1.000000000000000e+00
42 41 -1.000000000000000e+00
42 42 4.000000000000000e+00
42 43 -1.000000000000000e+00
42 74 -1.000000000000000e+00
43 11 -1.000000000000000e+00
43 42 -1.000000000000000e+00
43 43 4.000000000000000e+00
43 44 -1.000000000000000e+00
43 75 -1.000000000000000e+00
44 12 -1.000000000000000e+00
44 43 -1.000000000000000e+00
44 44 4.000000000000000e+00
44 45 -1.000000000000000e+00
44 76 -1.000000000000000e+00
45 13 -1.000000000000000e+00
45 44 -1.000000000000000e+00
45 45 4.000000000000000e+00
45 46 -1.000000000000000e+00
45 77 -1.000000000000000e+00
46 14 -1.000000000000000e+00
46 45 -1.000000000000000e+00
46 46 4.000000000000000e+00
46 47 -1.000000000000000e+00
46 78 -1.000000000000000e+00
47 15 -1.000000000000000e+00
47 46 -1.000000000000000e+00
47 47 4.000000000000000e+00
47 48 -1.000000000000000e+00
47 79 -1.000000000000000e+00
48 16 -1.000000000000000e+00
48 47 -1.000000000000000e+00
48 48 4.000000000000000e+00
48 49 -1.000000000000000e+00
48 80 -1.000000000000000e+00
49 17 -1.000000000000000e+00
49 48 -1.000000000000000e+00
49 49 4.000000000000000e+00
49 50 -1.000000000000000e+00
49 81 -1.000000000000000e+00
50 18 -1.000000000000000e+00
50 49 -1.000000000000000e+00
50 50 4.000000000000000e+00
50 51 -1.000000000000000e+00
50 82 -1.000000000000000e+00
51 19 -1.000000000000000e+00
51 50 -1.000000000000000e+00
51 51 4.000000000000000e+00
51 52 -1.000000000000000e+00
51 83 -1.000000000000000e+00
52 20 -1.000000000000000e+00
52 51 -1.000000000000000e+00
52 52 4.000000000000000e+00
52 53 -1.000000000000000e+00
52 84 -1.000000000000000e+00
53 21 -1.000000000000000e+00
53 52 -1.000000000000000e+00
53 53 4.000000000000000e+00
53 54 -1.000000000000000e+00
53 85 -1.000000000000000e+00
54 22 -1.000000000000000e+00
54 53 -1.000000000000000e+00
54 54 4.000000000000000e+00
54 55 -1.000000000000000e+00
54 86 -1.000000000000000e+00
55 23 -1.000000000000000e+00
55 54 -1.000000000000000e+00
55 55 4.000000000000000e+00
55 56 -1.000000000000000e+00
55 87 -1.000000000000000e+00
56 24 -1.000000000000000e+00
56 55 -1.000000000000000e+00
56 56 4.000000000000000e+00
56 57 -1.000000000000000e+00
56 88 -1.000000000000000e+00
57 25 -1.000000000000000e+00
57 56 -1.000000000000000e+00
57 57 4.000000000000000e+00
57 58 -1.000000000000000e+00
57 89 -1.000000000000000e+00
58 26 -1.000000000000000e+00
58 57 -1.000000000000000e+00
58 58 4.000000000000000e+00
58 59 -1.000000000000000e+00
58 90 -1.000000000000000e+00
59 27 -1.000000000000000e+00
59 58 -1.000000000000000e+00
59 59 4.000000000000000e+00
59 60 -1.000000000000000e+00
59 91 -1.000000000000000e+00
60 28 -1.000000000000000e+00
60 59 -1.000000000000000e+00
60 60 4.000000000000000e+00
60 61 -1.000000000000000e+00
60 92 -1.000000000000000e+00
61 29 -1.000000000000000e+00
61 60 -1.000000000000000e+00
61 61 4.000000000000000e+00
61 62 -1.000000000000000e+00
61 93 -1.000000000000000e+00
62 30 -1.000000000000000e+00
62 61 -1.000000000000000e+00
62 62 4.000000000000000e+00
62 63 -1.000000000000000e+00
62 94 -1.000000000000000e+00
63 31 -1.000000000000000e+00
63 62 -1.000000000000000e+00
63 63 4.000000000000000e+00
63 95 -1.000000000000000e+00
64 32 -1.000000000000000e+00
64 64 4.000000000000000e+00
64 65 -1.000000000000000e+00
64 96 -1.000000000000000e+00
65 33 -1.000000000000000e+00
65 64 -1.000000000000000e+00
65 65 4.000000000000000e+00
65 66 -1.000000000000000e+00
65 97 -1.000000000000000e+00
66 34 -1.000000000000000e+00
66 65 -1.000000000000000e+00
66 66 4.000000000000000e+00
66 67 -1.000000000000000e+00
66 98 -1.000000000000000e+00
67 35 -1.000000000000000e+00
67 66 -1.000000000000000e+00
67 67 4.000000000000000e+00
67 68 -1.000000000000000e+00
67 99 -1.000000000000000e+00
68 36 -1.000000000000000e+00
68 67 -1.000000000000000e+00
68 68 4.000000000000000e+00
68 69 -1.000000000000000e+00
68 100 -1.000000000000000e+00
69 37 -1.000000000000000e+00
69 68 -1.000000000000000e+00
69 69 4.000000000000000e+00
69 70 -1.000000000000000e+00
69 101 -1.000000000000000e+00
70 38 -1.000000000000000e+00
70 69 -1.000000000000000e+00
70 70 4.000000000000000e+00
70 71 -1.000000000000000e+00
70 102 -1.000000000000000e+00
71 39 -1.000000000000000e+00
71 70 -1.000000000000000e+00
71 71 4.000000000000000e+00
71 72 -1.000000000000000e+00
71 103 -1.000000000000000e+00
72 40 -1.000000000000000e+00
72 71 -1.000000000000000e+00
72 72 4.000000000000000e+00
72 73 -1.000000000000000e+00
72 104 -1.000000000000000e+00
73 41 -1.000000000000000e+00
73 72 -1.000000000000000e+00
73 73 4.000000000000000e+00
73 74 -1.000000000000000e+00
73 105 -1.000000000000000e+00
74 42 -1.000000000000000e+00
74 73 -1.000000000000000e+00
74 74 4.000000000000000e+00
74 75 -1.000000000000000e+00
74 106 -1.000000000000000e+00
75 43 -1.000000000000000e+00
75 74 -1.000000000000000e+00
75 75 4.000000000000000e+00
75 76 -1.000000000000000e+00
75 107 -1.000000000000000e+00
76 44 -1.000000000000000e+00
76 75 -1.000000000000000e+00
76 76 4.000000000000000e+00
76 77 -1.000000000000000e+00
76 108 -1.000000000000000e+00
77 45 -1.000000000000000e+00
77 76 -1.000000000000000e+00
77 77 4.000000000000000e+00
77 78 -1.000000000000000e+00
77 109 -1.000000000000000e+00
78 46 -1.000000000000000e+00
78 77 -1.000000000000000e+00
78 78 4.000000000000000e+00
78 79 -1.000000000000000e+00
78 110 -1.000000000000000e+00
79 47 -1.000000000000000e+00
79 78 -1.000000000000000e+00
79 79 4.000000000000000e+00
79 80 -1.000000000000000e+00
79 111 -1.000000000000000e+00
80 48 -1.000000000000000e+00
80 79 -1.000000000000000e+00
80 80 4.000000000000000e+00
80 81 -1.000000000000000e+00
80 112 -1.000000000000000e+00
81 49 -1.000000000000000e+00
81 80 -1.000000000000000e+00
81 81 4.000000000000000e+00
81 82 -1.000000000000000e+00
81 113 -1.000000000000000e+00
82 50 -1.000000000000000e+00
82 81 -1.000000000000000e+00
82 82 4.000000000000000e+00
82 83 -1.000000000000000e+00
82 114 -1.000000000000000e+00
83 51 -1.000000000000000e+00
83 82 -1.000000000000000e+00
83 83 4.000000000000000e+00
83 84 -1.000000000000000e+00
83 115 -1.000000000000000e+00
84 52 -1.000000000000000e+00
84 83 -1.000000000000000e+00
84 84 4.000000000000000e+00
84 85 -1.000000000000000e+00
84 116 -1.000000000000000e+00
85 53 -1.000000000000000e+00
85 84 -1.000000000000000e+00
85 85 4.000000000000000e+00
85 86 -1.000000000000000e+00
85 117 -1.000000000000000e+00
86 54 -1.000000000000000e+00
86 85 -1.000000000000000e+00
86 86 4.000000000000000e+00
86 87 -1.000000000000000e+00
86 118 -1.000000000000000e+00
87 55 -1.000000000000000e+00
87 86 -1.000000000000000e+00
87 87 4.000000000000000e+00
87 88 -1.000000000000000e+00
87 119 -1.000000000000000e+00
88 56 -1.000000000000000e+00
88 87 -1.000000000000000e+00
88 88 4.000000000000000e+00
88 89 -1.000000000000000e+00
88 120 -1.000000000000000e+00
89 57 -1.000000000000000e+00
89 88 -1.000000000000000e+00
89 89 4.000000000000000e+00
89 90 -1.000000000000000e+00
89 121 -1.000000000000000e+00
90 58 -1.000000000000000e+00
90 89 -1.000000000000000e+00
90 90 4.000000000000000e+00
90 91 -1.000000000000000e+00
90 122 -1.000000000000000e+00
91 59 -1.000000000000000e+00
91 90 -1.000000000000000e+00
91 91 4.000000000000000e+00
91 92 -1.000000000000000e+00
91 123 -1.000000000000000e+00
92 60 -1.000000000000000e+00
92 91 -1.000000000000000e+00
92 92 4.000000000000000e+00
92 93 -1.000000000000000e+00
92 124 -1.000000000000000e+00
93 61 -1.000000000000000e+00
93 92 -1.000000000000000e+00
93 93 4.000000000000000e+00
93 94 -1.000000000000000e+00
93 125 -1.000000000000000e+00
94 62 -1.000000000000000e+00
94 93 -1.000000000000000e+00
94 94 4.000000000000000e+00
94 95 -1.000000000000000e+00
94 126 -1.000000000000000e+00
95 63 -1.000000000000000e+00
95 94 -1.000000000000000e+00
95 95 4.000000000000000e+00
95 127 -1.000000000000000e+00
96 64 -1.000000000000000e+00
96 96 4.000000000000000e+00
96 97 -1.000000000000000e+00
96 128 -1.000000000000000e+00
97 65 -1.000000000000000e+00
97 96 -1.000000000000000e+00
97 97 4.000000000000000e+00
97 98 -1.000000000000000e+00
97 129 -1.000000000000000e+00
98 66 -1.000000000000000e+00
98 97 -1.000000000000000e+00
98 98 4.000000000000000e+00
98 99 -1.000000000000000e+00
98 130 -1.000000000000000e+00
99 67 -1.000000000000000e+00
99 98 -1.000000000000000e+00
99 99 4.000000000000000e+00
99 100 -1.000000000000000e+00
99 131 -1.000000000000000e+00
100 68 -1.000000000000000e+00
100 99 -1.000000000000000e+00
100 100 4.000000000000000e+00
100 101 -1.000000000000000e+00
100 132 -1.000000000000000e+00
101 69 -1.000000000000000e+00
101 100 -1.000000000000000e+00
101 101 4.000000000000000e+00
101 102 -1.000000000000000e+00
101 133 -1.000000000000000e+00
102 70 -1.000000000000000e+00
102 101 -1.000000000000000e+00
102 102 4.000000000000000e+00
102 103 -1.000000000000000e+00
102 134 -1.000000000000000e+00
103 71 -1.000000000000000e+00
103 102 -1.000000000000000e+00
103 103 4.000000000000000e+00
103 104 -1.000000000000000e+00
103 135 -1.000000000000000e+00
104 72 -1.000000000000000e+00
104 103 -1.000000000000000e+00
104 104 4.000000000000000e+00
104 105 -1.000000000000000e+00
104 136 -1.000000000000000e+00
105 73 -1.000000000000000e+00
105 104 -1.000000000000000e+00
105 105 4.000000000000000e+00
105 106 -1.000000000000000e+00
105 137 -1.000000000000000e+00
106 74 -1.000000000000000e+00
106 105 -1.000000000000000e+00
106 106 4.000000000000000e+00
106 107 -1.000000000000000e+00
106 138 -1.000000000000000e+00
107 75 -1.000000000000000e+00
107 106 -1.000000000000000e+00
107 107 4.000000000000000e+00
107 108 -1.000000000000000e+00
107 139 -1.000000000000000e+00
108 76 -1.000000000000000e+00
108 107 -1.000000000000000e+00
108 108 4.000000000000000e+00
108 109 -1.000000000000000e+00
108 140 -1.000000000000000e+00
109 77 -1.000000000000000e+00
109 108 -1.000000000000000e+00
109 109 4.000000000000000e+00
109 110 -1.000000000000000e+00
109 141 -1.000000000000000e+00
110 78 -1.000000000000000e+00
110 109 -1.000000000000000e+00
110 110 4.000000000000000e+00
110 111 -1.000000000000000e+00
110 142 -1.000000000000000e+00
111 79 -1.000000000000000e+00
111 110 -1.000000000000000e+00
111 111 4.000000000000000e+00
111 112 -1.000000000000000e+00
111 143 -1.000000000000000e+00
112 80 -1.000000000000000e+00
112 111 -1.000000000000000e+00
112 112 4.000000000000000e+00
112 113 -1.000000000000000e+00
112 144 -1.000000000000000e+00
113 81 -1.000000000000000e+00
113 112 -1.000000000000000e+00
113 113 4.000000000000000e+00
113 114 -1.000000000000000e+00
113 145 -1.000000000000000e+00
114 82 -1.000000000000000e+00
114 113 -1.000000000000000e+00
114 114 4.000000000000000e+00
114 115 -1.000000000000000e+00
114 146 -1.000000000000000e+00
115 83 -1.000000000000000e+00
115 114 -1.000000000000000e+00
115 115 4.000000000000000e+00
115 116 -1.000000000000000e+00
115 147 -1.000000000000000e+00
116 84 -1.000000000000000e+00
116 115 -1.000000000000000e+00
116 116 4.000000000000000e+00
116 117 -1.000000000000000e+00
116 148 -1.000000000000000e+00
117 85 -1.000000000000000e+00
117 116 -1.000000000000000e+00
117 117 4.000000000000000e+00
117 118 -1.000000000000000e+00
117 149 -1.000000000000000e+00
118 86 -1.000000000000000e+00
118 117 -1.000000000000000e+00
118 118 4.000000000000000e+00
118 119 -1.000000000000000e+00
118 150 -1.000000000000000e+00
119 87 -1.000000000000000e+00
119 118 -1.000000000000000e+00
119 119 4.000000000000000e+00
119 120 -1.000000000000000e+00
119 151 -1.000000000000000e+00
120 88 -1.000000000000000e+00
120 119 -1.000000000000000e+00
120 120 4.000000000000000e+00
120 121 -1.000000000000000e+00
120 152 -1.000000000000000e+00
121 89 -1.000000000000000e+00
121 120 -1.000000000000000e+00
121 121 4.000000000000000e+00
121 122 -1.000000000000000e+00
121 153 -1.000000000000000e+00
122 90 -1.000000000000000e+00
122 121 -1.000000000000000e+00
122 122 4.000000000000000e+00
122 123 -1.000000000000000e+00
122 154 -1.000000000000000e+00
123 91 -1.000000000000000e+00
123 122 -1.000000000000000e+00
123 123 4.000000000000000e+00
123 124 -1.000000000000000e+00
123 155 -1.000000000000000e+00
124 92 -1.000000000000000e+00
124 123 -1.000000000000000e+00
124 124 4.000000000000000e+00
124 125 -1.000000000000000e+00
124 156 -1.000000000000000e+00
125 93 -1.000000000000000e+00
125 124 -1.000000000000000e+00
125 125 4.000000000000000e+00
125 126 -1.000000000000000e+00
125 157 -1.000000000000000e+00
126 94 -1.000000000000000e+00
126 125 -1.000000000000000e+00
126 126 4.000000000000000e+00
126 127 -1.000000000000000e+00
126 158 -1.000000000000000e+00
127 95 -1.000000000000000e+00
127 126 -1.000000000000000e+00
127 127 4.000000000000000e+00
127 159 -1.000000000000000e+00
128 96 -1.000000000000000e+00
128 128 4.000000000000000e+00
128 129 -1.000000000000000e+00
128 160 -1.000000000000000e+00
129 97 -1.000000000000000e+00
129 128 -1.000000000000000e+00
129 129 4.000000000000000e+00
129 130 -1.000000000000000e+00
129 161 -1.000000000000000e+00
130 98 -1.000000000000000e+00
130 129 -1.000000000000000e+00
130 130 4.000000000000000e+00
130 131 -1.000000000000000e+00
130 162 -1.000000000000000e+00
131 99 -1.000000000000000e+00
131 130 -1.000000000000000e+00
131 131 4.000000000000000e+00
131 132 -1.000000000000000e+00
131 163 -1.000000000000000e+00
132 100 -1.000000000000000e+00
132 131 -1.000000000000000e+00
132 132 4.000000000000000e+00
132 133 -1.000000000000000e+00
132 164 -1.000000000000000e+00
133 101 -1.000000000000000e+00
133 132 -1.000000000000000e+00
133 133 4.000000000000000e+00
133 134 -1.000000000000000e+00
133 165 -1.000000000000000e+00
134 102 -1.000000000000000e+00
134 133 -1.000000000000000e+00
134 134 4.000000000000000e+00
134 135 -1.000000000000000e+00
134 166 -1.000000000000000e+00
135 103 -1.000000000000000e+00
135 134 -1.000000000000000e+00
135 135 4.000000000000000e+00
135 136 -1.000000000000000e+00
135 167 -1.000000000000000e+00
136 104 -1.000000000000000e+00
136 135 -1.000000000000000e+00
136 136 4.000000000000000e+00
136 137 -1.000000000000000e+00
136 168 -1.000000000000000e+00
137 105 -1.000000000000000e+00
137 136 -1.000000000000000e+00
137 137 4.000000000000000e+00
137 138 -1.000000000000000e+00
137 169 -1.000000000000000e+00
138 106 -1.000000000000000e+00
138 137 -1.000000000000000e+00
138 138 4.000000000000000e+00
138 139 -1.000000000000000e+00
138 170 -1.000000000000000e+00
139 107 -1.000000000000000e+00
139 138 -1.000000000000000e+00
139 139 4.000000000000000e+00
139 140 -1.000000000000000e+00
139 171 -1.000000000000000e+00
140 108 -1.000000000000000e+00
140 139 -1.000000000000000e+00
140 140 4.000000000000000e+00
140 141 -1.000000000000000e+00
140 172 -1.000000000000000e+00
141 109 -1.000000000000000e+00
141 140 -1.000000000000000e+00
141 141 4.000000000000000e+00
141 142 -1.000000000000000e+00
141 173 -1.000000000000000e+00
142 110 -1.000000000000000e+00
142 141 -1.000000000000000e+00
142 142 4.000000000000000e+00
142 143 -1.000000000000000e+00
142 174 -1.000000000000000e+00
143 111 -1.000000000000000e+00
143 142 -1.000000000000000e+00
143 143 4.000000000000000e+00
143 144 -1.000000000000000e+00
143 175 -1.000000000000000e+00
144 112 -1.000000000000000e+00
144 143 -1.000000000000000e+00
144 144 4.000000000000000e+00
144 145 -1.000000000000000e+00
144 176 -1.000000000000000e+00
145 113 -1.000000000000000e+00
145 144 -1.000000000000000e+00
145 145 4.000000000000000e+00
145 146 -1.000000000000000e+00
145 177 -1.000000000000000e+00
146 114 -1.000000000000000e+00
146 145 -1.000000000000000e+00
146 146 4.000000000000000e+00
146 147 -1.000000000000000e+00
146 178 -1.000000000000000e+00
147 115 -1.000000000000000e+00
147 146 -1.000000000000000e+00
147 147 4.000000000000000e+00
147 148 -1.000000000000000e+00
147 179 -1.000000000000000e+00
148 116 -1.000000000000000e+00
148 147 -1.000000000000000e+00
148 148 4.000000000000000e+00
148 149 -1.000000000000000e+00
148 180 -1.000000000000000e+00
149 117 -1.000000000000000e+00
149 148 -1.000000000000000e+00
149 149 4.000000000000000e+00
149 150 -1.000000000000000e+00
149 181 -1.000000000000000e+00
150 118 -1.000000000000000e+00
150 149 -1.000000000000000e+00
150 150 4.000000000000000e+00
150 151 -1.000000000000000e+00
150 182 -1.000000000000000e+00
151 119 -1.000000000000000e+00
151 150 -1.000000000000000e+00
151 151 4.000000000000000e+00
151 152 -1.000000000000000e+00
151 183 -1.000000000000000e+00
152 120 -1.000000000000000e+00
152 151 -1.000000000000000e+00
152 152 4.000000000000000e+00
152 153 -1.000000000000000e+00
152 184 -1.000000000000000e+00
153 121 -1.000000000000000e+00
153 152 -1.000000000000000e+00
153 153 4.000000000000000e+00
153 154 -1.000000000000000e+00
153 185 -1.000000000000000e+00
154 122 -1.000000000000000e+00
154 153 -1.000000000000000e+00
154 154 4.000000000000000e+00
154 155 -1.000000000000000e+00
154 186 -1.000000000000000e+00
155 123 -1.000000000000000e+00
155 154 -1.000000000000000e+00
155 155 4.000000000000000e+00
155 156 -1.000000000000000e+00
155 187 -1.000000000000000e+00
156 124 -1.000000000000000e+00
156 155 -1.000000000000000e+00
156 156 4.000000000000000e+00
156 157 -1.000000000000000e+00
156 188 -1.000000000000000e+00
157 125 -1.000000000000000e+00
157 156 -1.000000000000000e+00
157 157 4.000000000000000e+00
157 158 -1.000000000000000e+00
157 189 -1.000000000000000e+00
158 126 -1.000000000000000e+00
158 157 -1.000000000000000e+00
158 158 4.000000000000000e+00
158 159 -1.000000000000000e+00
158 190 -1.000000000000000e+00
159 127 -1.000000000000000e+00
159 158 -1.000000000000000e+00
159 159 4.000000000000000e+00
159 191 -1.000000000000000e+00
160 128 -1.000000000000000e+00
160 160 4.000000000000000e+00
160 161 -1.000000000000000e+00
160 192 -1.000000000000000e+00
161 129 -1.000000000000000e+00
161 160 -1.000000000000000e+00
161 161 4.000000000000000e+00
161 162 -1.000000000000000e+00
161 193 -1.000000000000000e+00
162 130 -1.000000000000000e+00
162 161 -1.000000000000000e+00
162 162 4.000000000000000e+00
162 163 -1.000000000000000e+00
162 194 -1.000000000000000e+00
163 131 -1.000000000000000e+00
163 162 -1.000000000000000e+00
163 163 4.000000000000000e+00
163 164 -1.000000000000000e+00
163 195 -1.000000000000000e+00
164 132 -1.000000000000000e+00
164 163 -1.000000000000000e+00
164 164 4.000000000000000e+00
164 165 -1.000000000000000e+00
164 196 -1.000000000000000e+00
165 133 -1.000000000000000e+00
165 164 -1.000000000000000e+00
165 165 4.000000000000000e+00
165 166 -1.000000000000000e+00
165 197 -1.000000000000000e+00
166 134 -1.000000000000000e+00
166 165 -1.000000000000000e+00
166 166 4.000000000000000e+00
166 167 -1.000000000000000e+00
166 198 -1.000000000000000e+00
167 135 -1.000000000000000e+00
167 166 -1.000000000000000e+00
167 167 4.000000000000000e+00
167 168 -1.000000000000000e+00
167 199 -1.000000000000000e+00
168 136 -1.000000000000000e+00
168 167 -1.000000000000000e+00
168 168 4.000000000000000e+00
168 169 -1.000000000000000e+00
168 200 -1.000000000000000e+00
169 137 -1.000000000000000e+00
169 168 -1.000000000000000e+00
169 169 4.000000000000000e+00
169 170 -1.000000000000000e+00
169 201 -1.000000000000000e+00
170 138 -1.000000000000000e+00
170 169 -1.000000000000000e+00
170 170 4.000000000000000e+00
170 171 -1.000000000000000e+00
170 202 -1.000000000000000e+00
171 139 -1.000000000000000e+00
171 170 -1.000000000000000e+00
171 171 4.000000000000000e+00
171 172 -1.000000000000000e+00
171 203 -1.000000000000000e+00
172 140 -1.000000000000000e+00
172 171 -1.000000000000000e+00
172 172 4.000000000000000e+00
172 173 -1.000000000000000e+00
172 204 -1.000000000000000e+00
173 141 -1.000000000000000e+00
173 172 -1.000000000000000e+00
173 173 4.000000000000000e+00
173 174 -1.000000000000000e+00
173 205 -1.000000000000000e+00
174 142 -1.000000000000000e+00
174 173 -1.000000000000000e+00
174 174 4.000000000000000e+00
174 175 -1.000000000000000e+00
174 206 -1.000000000000000e+00
175 143 -1.000000000000000e+00
175 174 -1.000000000000000e+00
175 175 4.000000000000000e+00
175 176 -1.000000000000000e+00
175 207 -1.000000000000000e+00
176 144 -1.000000000000000e+00
176 175 -1.000000000000000e+00
176 176 4.000000000000000e+00
176 177 -1.000000000000000e+00
176 208 -1.000000000000000e+00
177 145 -1.000000000000000e+00
177 176 -1.000000000000000e+00
177 177 4.000000000000000e+00
177 178 -1.000000000000000e+00
177 209 -1.000000000000000e+00
178 146 -1.000000000000000e+00
178 177 -1.000000000000000e+00
178 178 4.000000000000000e+00
178 179 -1.000000000000000e+00
178 210 -1.000000000000000e+00
179 147 -1.000000000000000e+00
179 178 -1.000000000000000e+00
179 179 4.000000000000000e+00
179 180 -1.000000000000000e+00
179 211 -1.000000000000000e+00
180 148 -1.000000000000000e+00
180 179 -1.000000000000000e+00
180 180 4.000000000000000e+00
180 181 -1.000000000000000e+00
180 212 -1.000000000000000e+00
181 149 -1.000000000000000e+00
181 180 -1.000000000000000e+00
181 181 4.000000000000000e+00
181 182 -1.000000000000000e+00
181 213 -1.000000000000000e+00
182 150 -1.000000000000000e+00
182 181 -1.000000000000000e+00
182 182 4.000000000000000e+00
182 183 -1.000000000000000e+00
182 214 -1.000000000000000e+00
183 151 -1.000000000000000e+00
183 182 -1.000000000000000e+00
183 183 4.000000000000000e+00
183 184 -1.000000000000000e+00
183 215 -1.000000000000000e+00
184 152 -1.000000000000000e+00
184 183 -1.000000000000000e+00
184 184 4.000000000000000e+00
184 185 -1.000000000000000e+00
184 216 -1.000000000000000e+00
185 153 -1.000000000000000e+00
185 184 -1.000000000000000e+00
185 185 4.000000000000000e+00
185 186 -1.000000000000000e+00
185 217 -1.000000000000000e+00
186 154 -1.000000000000000e+00
186 185 -1.000000000000000e+00
186 186 4.000000000000000e+00
186 187 -1.000000000000000e+00
186 218 -1.000000000000000e+00
187 155 -1.000000000000000e+00
187 186 -1.000000000000000e+00
187 187 4.000000000000000e+00
187 188 -1.000000000000000e+00
187 219 -1.000000000000000e+00
188 156 -1.000000000000000e+00
188 187 -1.000000000000000e+00
188 188 4.000000000000000e+00
188 189 -1.000000000000000e+00
188 220 -1.000000000000000e+00
189 157 -1.000000000000000e+00
189 188 -1.000000000000000e+00
189 189 4.000000000000000e+00
189 190 -1.000000000000000e+00
189 221 -1.000000000000000e+00
190 158 -1.000000000000000e+00
190 189 -1.000000000000000e+00
190 190 4.000000000000000e+00
190 191 -1.000000000000000e+00
190 222 -1.000000000000000e+00
191 159 -1.000000000000000e+00
191 190 -1.000000000000000e+00
191 191 4.000000000000000e+00
191 223 -1.000000000000000e+00
192 160 -1.000000000000000e+00
192 192 4.000000000000000e+00
192 193 -1.000000000000000e+00
192 224 -1.000000000000000e+00
193 161 -1.000000000000000e+00
193 192 -1.000000000000000e+00
193 193 4.000000000000000e+00
193 194 -1.000000000000000e+00
193 225 -1.000000000000000e+00
194 162 -1.000000000000000e+00
194 193 -1.000000000000000e+00
194 194 4.000000000000000e+00
194 195 -1.000000000000000e+00
194 226 -1.000000000000000e+00
195 163 -1.000000000000000e+00
195 194 -1.000000000000000e+00
195 195 4.000000000000000e+00
195 196 -1.000000000000000e+00
195 227 -1.000000000000000e+00
196 164 -1.000000000000000e+00
196 195 -1.000000000000000e+00
196 196 4.000000000000000e+00
196 197 -1.000000000000000e+00
196 228 -1.000000000000000e+00
197 165 -1.000000000000000e+00
197 196 -1.000000000000000e+00
197 197 4.000000000000000e+00
197 198 -1.000000000000000e+00
197 229 -1.000000000000000e+00
198 166 -1.000000000000000e+00
198 197 -1.000000000000000e+00
198 198 4.000000000000000e+00
198 199 -1.000000000000000e+00
198 230 -1.000000000000000e+00
199 167 -1.000000000000000e+00
199 198 -1.000000000000000e+00
199 199 4.000000000000000e+00
199 200 -1.000000000000000e+00
199 231 -1.000000000000000e+00
200 168 -1.000000000000000e+00
200 199 -1.000000000000000e+00
200 200 4.000000000000000e+00
200 201 -1.000000000000000e+00
200 232 -1.000000000000000e+00
201 169 -1.000000000000000e+00
201 200 -1.000000000000000e+00
201 201 4.000000000000000e+00
201 202 -1.000000000000000e+00
201 233 -1.000000000000000e+00
202 170 -1.000000000000000e+00
202 201 -1.000000000000000e+00
202 202 4.000000000000000e+00
202 203 -1.000000000000000e+00
202 234 -1.000000000000000e+00
203 171 -1.000000000000000e+00
203 202 -1.000000000000000e+00
203 203 4.000000000000000e+00
203 204 -1.000000000000000e+00
203 235 -1.000000000000000e+00
204 172 -1.000000000000000e+00
204 203 -1.000000000000000e+00
204 204 4.000000000000000e+00
204 205 -1.000000000000000e+00
204 236 -1.000000000000000e+00
205 173 -1.000000000000000e+00
205 204 -1.000000000000000e+00
205 205 4.000000000000000e+00
205 206 -1.000000000000000e+00
205 237 -1.000000000000000e+00
206 174 -1.000000000000000e+00
206 205 -1.000000000000000e+00
206 206 4.000000000000000e+00
206 207 -1.000000000000000e+00
206 238 -1.000000000000000e+00
207 175 -1.000000000000000e+00
207 206 -1.000000000000000e+00
207 207 4.000000000000000e+00
207 208 -1.000000000000000e+00
207 239 -1.000000000000000e+00
208 176 -1.000000000000000e+00
208 207 -1.000000000000000e+00
208 208 4.000000000000000e+00
208 209 -1.000000000000000e+00
208 240 -1.000000000000000e+00
209 177 -1.000000000000000e+00
209 208 -1.000000000000000e+00
209 209 4.000000000000000e+00
209 210 -1.000000000000000e+00
209 241 -1.000000000000000e+00
210 178 -1.000000000000000e+00
210 209 -1.000000000000000e+00
210 210 4.000000000000000e+00
210 211 -1.000000000000000e+00
210 242 -1.000000000000000e+00
211 179 -1.000000000000000e+00
211 210 -1.000000000000000e+00
211 211 4.000000000000000e+00
211 212 -1.000000000000000e+00
211 243 -1.000000000000000e+00
212 180 -1.000000000000000e+00
212 211 -1.000000000000000e+00
212 212 4.000000000000000e+00
212 213 -1.000000000000000e+00
212 244 -1.000000000000000e+00
213 181 -1.000000000000000e+00
213 212 -1.000000000000000e+00
213 213 4.000000000000000e+00
213 214 -1.000000000000000e+00
213 245 -1.000000000000000e+00
214 182 -1.000000000000000e+00
214 213 -1.000000000000000e+00
214 214 4.000000000000000e+00
214 215 -1.000000000000000e+00
214 246 -1.000000000000000e+00
215 183 -1.000000000000000e+00
215 214 -1.000000000000000e+00
215 215 4.000000000000000e+00
215 216 -1.000000000000000e+00
215 247 -1.000000000000000e+00
216 184 -1.000000000000000e+00
216 215 -1.000000000000000e+00
216 216 4.000000000000000e+00
216 217 -1.000000000000000e+00
216 248 -1.000000000000000e+00
217 185 -1.000000000000000e+00
217 216 -1.000000000000000e+00
217 217 4.000000000000000e+00
217 218 -1.000000000000000e+00
217 249 -1.000000000000000e+00
218 186 -1.000000000000000e+00
218 217 -1.000000000000000e+00
218 218 4.000000000000000e+00
218 219 -1.000000000000000e+00
218 250 -1.000000000000000e+00
219 187 -1.000000000000000e+00
219 218 -1.000000000000000e+00
219 219 4.000000000000000e+00
219 220 -1.000000000000000e+00
219 251 -1.000000000000000e+00
220 188 -1.000000000000000e+00
220 219 -1.000000000000000e+00
220 220 4.000000000000000e+00
220 221 -1.000000000000000e+00
220 252 -1.000000000000000e+00
221 189 -1.000000000000000e+00
221 220 -1.000000000000000e+00
221 221 4.000000000000000e+00
221 222 -1.000000000000000e+00
221 253 -1.000000000000000e+00
222 190 -1.000000000000000e+00
222 221 -1.000000000000000e+00
222 222 4.000000000000000e+00
222 223 -1.000000000000000e+00
222 254 -1.000000000000000e+00
223 191 -1.000000000000000e+00
223 222 -1.000000000000000e+00
223 223 4.000000000000000e+00
223 255 -1.000000000000000e+00
224 192 -1.000000000000000e+00
224 224 4.000000000000000e+00
224 225 -1.000000000000000e+00
224 256 -1.000000000000000e+00
225 193 -1.000000000000000e+00
225 224 -1.000000000000000e+00
225 225 4.000000000000000e+00
225 226 -1.000000000000000e+00
225 257 -1.000000000000000e+00
226 194 -1.000000000000000e+00
226 225 -1.000000000000000e+00
226 226 4.000000000000000e+00
226 227 -1.000000000000000e+00
226 258 -1.000000000000000e+00
227 195 -1.000000000000000e+00
227 226 -1.000000000000000e+00
227 227 4.000000000000000e+00
227 228 -1.000000000000000e+00
227 259 -1.000000000000000e+00
228 196 -1.000000000000000e+00
228 227 -1.000000000000000e+00
228 228 4.000000000000000e+00
228 229 -1.000000000000000e+00
228 260 -1.000000000000000e+00
229 197 -1.000000000000000e+00
229 228 -1.000000000000000e+00
229 229 4.000000000000000e+00
229 230 -1.000000000000000e+00
229 261 -1.000000000000000e+00
230 198 -1.000000000000000e+00
230 229 -1.000000000000000e+00
230 230 4.000000000000000e+00
230 231 -1.000000000000000e+00
230 262 -1.000000000000000e+00
231 199 -1.000000000000000e+00
231 230 -1.000000000000000e+00
231 231 4.000000000000000e+00
231 232 -1.000000000000000e+00
231 263 -1.000000000000000e+00
232 200 -1.000000000000000e+00
232 231 -1.000000000000000e+00
232 232 4.000000000000000e+00
232 233 -1.000000000000000e+00
232 264 -1.000000000000000e+00
233 201 -1.000000000000000e+00
233 232 -1.000000000000000e+00
233 233 4.000000000000000e+00
233 234 -1.000000000000000e+00
233 265 -1.000000000000000e+00
234 202 -1.000000000000000e+00
234 233 -1.000000000000000e+00
234 234 4.000000000000000e+00
234 235 -1.000000000000000e+00
234 266 -1.000000000000000e+00
235 203 -1.000000000000000e+00
235 234 -1.000000000000000e+00
235 235 4.000000000000000e+00
235 236 -1.000000000000000e+00
235 267 -1.000000000000000e+00
236 204 -1.000000000000000e+00
236 235 -1.000000000000000e+00
236 236 4.000000000000000e+00
236 237 -1.000000000000000e+00
236 268 -1.000000000000000e+00
237 205 -1.000000000000000e+00
237 236 -1.000000000000000e+00
237 237 4.000000000000000e+00
237 238 -1.000000000000000e+00
237 269 -1.000000000000000e+00
238 206 -1.000000000000000e+00
238 237 -1.000000000000000e+00
238 238 4.000000000000000e+00
238 239 -1.000000000000000e+00
238 270 -1.000000000000000e+00
239 207 -1.000000000000000e+00
239 238 -1.000000000000000e+00
239 239 4.000000000000000e+00
239 240 -1.000000000000000e+00
239 271 -1.000000000000000e+00
240 208 -1.000000000000000e+00
240 239 -1.000000000000000e+00
240 240 4.000000000000000e+00
240 241 -1.000000000000000e+00
240 272 -1.000000000000000e+00
241 209 -1.000000000000000e+00
241 240 -1.000000000000000e+00
241 241 4.000000000000000e+00
241 242 -1.000000000000000e+00
241 273 -1.000000000000000e+00
242 210 -1.000000000000000e+00
242 241 -1.000000000000000e+00
242 242 4.000000000000000e+00
242 243 -1.000000000000000e+00
242 274 -1.000000000000000e+00
243 211 -1.000000000000000e+00
243 242 -1.000000000000000e+00
243 243 4.000000000000000e+00
243 244 -1.000000000000000e+00
243 275 -1.000000000000000e+00
244 212 -1.000000000000000e+00
244 243 -1.000000000000000e+00
244 244 4.000000000000000e+00
244 245 -1.000000000000000e+00
244 276 -1.000000000000000e+00
245 213 -1.000000000000000e+00
245 244 -1.000000000000000e+00
245 245 4.000000000000000e+00
245 246 -1.000000000000000e+00
245 277 -1.000000000000000e+00
246 214 -1.000000000000000e+00
246 245 -1.000000000000000e+00
246 246 4.000000000000000e+00
246 247 -1.000000000000000e+00
246 278 -1.000000000000000e+00
247 215 -1.000000000000000e+00
247 246 -1.000000000000000e+00
247 247 4.000000000000000e+00
247 248 -1.000000000000000e+00
247 279 -1.000000000000000e+00
248 216 -1.000000000000000e+00
248 247 -1.000000000000000e+00
248 248 4.000000000000000e+00
248 249 -1.000000000000000e+00
248 280 -1.000000000000000e+00
249 217 -1.000000000000000e+00
249 248 -1.000000000000000e+00
249 249 4.000000000000000e+00
249 250 -1.000000000000000e+00
249 281 -1.000000000000000e+00
250 218 -1.000000000000000e+00
250 249 -1.000000000000000e+00
250 250 4.000000000000000e+00
250 251 -1.000000000000000e+00
250 282 -1.000000000000000e+00
251 219 -1.000000000000000e+00
251 250 -1.000000000000000e+00
251 251 4.000000000000000e+00
251 252 -1.000000000000000e+00
251 283 -1.000000000000000e+00
252 220 -1.000000000000000e+00
252 251 -1.000000000000000e+00
252 252 4.000000000000000e+00
252 253 -1.000000000000000e+00
252 284 -1.000000000000000e+00
253 221 -1.000000000000000e+00
253 252 -1.000000000000000e+00
253 253 4.000000000000000e+00
253 254 -1.000000000000000e+00
253 285 -1.000000000000000e+00
254 222 -1.000000000000000e+00
254 253 -1.000000000000000e+00
254 254 4.000000000000000e+00
254 255 -1.000000000000000e+00
254 286 -1.000000000000000e+00
255 223 -1.000000000000000e+00
255 254 -1.000000000000000e+00
255 255 4.000000000000000e+00
255 287 -1.000000000000000e+00
256 224 -1.000000000000000e+00
256 256 4.000000000000000e+00
256 257 -1.000000000000000e+00
256 288 -1.000000000000000e+00
257 225 -1.000000000000000e+00
257 256 -1.000000000000000e+00
257 257 4.000000000000000e+00
257 258 -1.000000000000000e+00
257 289 -1.000000000000000e+00
258 226 -1.000000000000000e+00
258 257 -1.000000000000000e+00
258 258 4.000000000000000e+00
258 259 -1.000000000000000e+00
258 290 -1.000000000000000e+00
259 227 -1.000000000000000e+00
259 258 -1.000000000000000e+00
259 259 4.000000000000000e+00
259 260 -1.000000000000000e+00
259 291 -1.000000000000000e+00
260 228 -1.000000000000000e+00
260 259 -1.000000000000000e+00
260 260 4.000000000000000e+00
260 261 -1.000000000000000e+00
260 292 -1.000000000000000e+00
261 229 -1.000000000000000e+00
261 260 -1.000000000000000e+00
261 261 4.000000000000000e+00
261 262 -1.000000000000000e+00
261 293 -1.000000000000000e+00
262 230 -1.000000000000000e+00
262 261 -1.000000000000000e+00
262 262 4.000000000000000e+00
262 263 -1.000000000000000e+00
262 294 -1.000000000000000e+00
263 231 -1.000000000000000e+00
263 262 -1.000000000000000e+00
263 263 4.000000000000000e+00
263 264 -1.000000000000000e+00
263 295 -1.000000000000000e+00
264 232 -1.000000000000000e+00
264 263 -1.000000000000000e+00
264 264 4.000000000000000e+00
264 265 -1.000000000000000e+00
264 296 -1.000000000000000e+00
265 233 -1.000000000000000e+00
265 264 -1.000000000000000e+00
265 265 4.000000000000000e+00
265 266 -1.000000000000000e+00
265 297 -1.000000000000000e+00
266 234 -1.000000000000000e+00
266 265 -1.000000000000000e+00
266 266 4.000000000000000e+00
266 267 -1.000000000000000e+00
266 298 -1.000000000000000e+00
267 235 -1.000000000000000e+00
267 266 -1.000000000000000e+00
267 267 4.000000000000000e+00
267 268 -1.000000000000000e+00
267 299 -1.000000000000000e+00
268 236 -1.000000000000000e+00
268 267 -1.000000000000000e+00
268 268 4.000000000000000e+00
268 269 -1.000000000000000e+00
268 300 -1.000000000000000e+00
269 237 -1.000000000000000e+00
269 268 -1.000000000000000e+00
269 269 4.000000000000000e+00
269 270 -1.000000000000000e+00
269 301 -1.000000000000000e+00
270 238 -1.000000000000000e+00
270 269 -1.000000000000000e+00
270 270 4.000000000000000e+00
270 271 -1.000000000000000e+00
270 302 -1.000000000000000e+00
271 239 -1.000000000000000e+00
271 270 -1.000000000000000e+00
271 271 4.000000000000000e+00
271 272 -1.000000000000000e+00
271 303 -1.000000000000000e+00
272 240 -1.000000000000000e+00
272 271 -1.000000000000000e+00
272 272 4.000000000000000e+00
272 273 -1.000000000000000e+00
272 304 -1.000000000000000e+00
273 241 -1.000000000000000e+00
273 272 -1.000000000000000e+00
273 273 4.000000000000000e+00
273 274 -1.000000000000000e+00
273 305 -1.000000000000000e+00
274 242 -1.000000000000000e+00
274 273 -1.000000000000000e+00
274 274 4.000000000000000e+00
274 275 -1.000000000000000e+00
274 306 -1.000000000000000e+00
275 243 -1.000000000000000e+00
275 274 -1.000000000000000e+00
275 275 4.000000000000000e+00
275 276 -1.000000000000000e+00
275 307 -1.000000000000000e+00
276 244 -1.000000000000000e+00
276 275 -1.000000000000000e+00
276 276 4.000000000000000e+00
276 277 -1.000000000000000e+00
276 308 -1.000000000000000e+00
277 245 -1.000000000000000e+00
277 276 -1.000000000000000e+00
277 277 4.000000000000000e+00
277 278 -1.000000000000000e+00
277 309 -1.000000000000000e+00
278 246 -1.000000000000000e+00
278 277 -1.000000000000000e+00
278 278 4.000000000000000e+00
278 279 -1.000000000000000e+00
278 310 -1.000000000000000e+00
279 247 -1.000000000000000e+00
279 278 -1.000000000000000e+00
279 279 4.000000000000000e+00
279 280 -1.000000000000000e+00
279 311 -1.000000000000000e+00
280 248 -1.000000000000000e+00
280 279 -1.000000000000000e+00
280 280 4.000000000000000e+00
280 281 -1.000000000000000e+00
280 312 -1.000000000000000e+00
281 249 -1.000000000000000e+00
281 280 -1.000000000000000e+00
281 281 4.000000000000000e+00
281 282 -1.000000000000000e+00
281 313 -1.000000000000000e+00
282 250 -1.000000000000000e+00
282 281 -1.000000000000000e+00
282 282 4.000000000000000e+00
282 283 -1.000000000000000e+00
282 314 -1.000000000000000e+00
283 251 -1.000000000000000e+00
283 282 -1.000000000000000e+00
283 283 4.000000000000000e+00
283 284 -1.000000000000000e+00
283 315 -1.000000000000000e+00
284 252 -1.000000000000000e+00
284 283 -1.000000000000000e+00
284 284 4.000000000000000e+00
284 285 -1.000000000000000e+00
284 316 -1.000000000000000e+00
285 253 -1.000000000000000e+00
285 284 -1.000000000000000e+00
285 285 4.000000000000000e+00
285 286 -1.000000000000000e+00
285 317 -1.000000000000000e+00
286 254 -1.000000000000000e+00
286 285 -1.000000000000000e+00
286 286 4.000000000000000e+00
286 287 -1.000000000000000e+00
286 318 -1.000000000000000e+00
287 255 -1.000000000000000e+00
287 286 -1.000000000000000e+00
287 287 4.000000000000000e+00
287 319 -1.000000000000000e+00
288 256 -1.000000000000000e+00
288 288 4.000000000000000e+00
288 289 -1.000000000000000e+00
288 320 -1.000000000000000e+00
289 257 -1.000000000000000e+00
289 288 -1.000000000000000e+00
289 289 4.000000000000000e+00
289 290 -1.000000000000000e+00
289 321 -1.000000000000000e+00
290 258 -1.000000000000000e+00
290 289 -1.000000000000000e+00
290 290 4.000000000000000e+00
290 291 -1.000000000000000e+00
290 322 -1.000000000000000e+00
291 259 -1.000000000000000e+00
291 290 -1.000000000000000e+00
291 291 4.000000000000000e+00
291 292 -1.000000000000000e+00
291 323 -1.000000000000000e+00
292 260 -1.000000000000000e+00
292 291 -1.000000000000000e+00
292 292 4.000000000000000e+00
292 293 -1.000000000000000e+00
292 324 -1.000000000000000e+00
293 261 -1.000000000000000e+00
293 292 -1.000000000000000e+00
293 293 4.000000000000000e+00
293 294 -1.000000000000000e+00
293 325 -1.000000000000000e+00
294 262 -1.000000000000000e+00
294 293 -1.000000000000000e+00
294 294 4.000000000000000e+00
294 295 -1.000000000000000e+00
294 326 -1.000000000000000e+00
295 263 -1.000000000000000e+00
295 294 -1.000000000000000e+00
295 295 4.000000000000000e+00
295 296 -1.000000000000000e+00
295 327 -1.000000000000000e+00
296 264 -1.000000000000000e+00
296 295 -1.000000000000000e+00
296 296 4.000000000000000e+00
296 297 -1.000000000000000e+00
296 328 -1.000000000000000e+00
297 265 -1.000000000000000e+00
297 296 -1.000000000000000e+00
297 297 4.000000000000000e+00
297 298 -1.000000000000000e+00
297 329 -1.000000000000000e+00
298 266 -1.000000000000000e+00
298 297 -1.000000000000000e+00
298 298 4.000000000000000e+00
298 299 -1.000000000000000e+00
298 330 -1.000000000000000e+00
299 267 -1.000000000000000e+00
299 298 -1.000000000000000e+00
299 299 4.000000000000000e+00
299 300 -1.000000000000000e+00
299 331 -1.000000000000000e+00
300 268 -1.000000000000000e+00
300 299 -1.000000000000000e+00
300 300 4.000000000000000e+00
300 301 -1.000000000000000e+00
300 332 -1.000000000000000e+00
301 269 -1.000000000000000e+00
301 300 -1.000000000000000e+00
301 301 4.000000000000000e+00
301 302 -1.000000000000000e+00
301 333 -1.000000000000000e+00
302 270 -1.000000000000000e+00
302 301 -1.000000000000000e+00
302 302 4.000000000000000e+00
302 303 -1.000000000000000e+00
302 334 -1.000000000000000e+00
303 271 -1.000000000000000e+00
303 302 -1.000000000000000e+00
303 303 4.000000000000000e+00
303 304 -1.000000000000000e+00
303 335 -1.000000000000000e+00
304 272 -1.000000000000000e+00
304 303 -1.000000000000000e+00
304 304 4.000000000000000e+00
304 305 -1.000000000000000e+00
304 336 -1.000000000000000e+00
305 273 -1.000000000000000e+00
305 304 -1.000000000000000e+00
305 305 4.000000000000000e+00
305 306 -1.000000000000000e+00
305 337 -1.000000000000000e+00
306 274 -1.000000000000000e+00
306 305 -1.000000000000000e+00
306 306 4.000000000000000e+00
306 307 -1.000000000000000e+00
306 338 -1.000000000000000e+00
307 275 -1.000000000000000e+00
307 306 -1.000000000000000e+00
307 307 4.000000000000000e+00
307 308 -1.000000000000000e+00
307 339 -1.000000000000000e+00
308 276 -1.000000000000000e+00
308 307 -1.000000000000000e+00
308 308 4.000000000000000e+00
308 309 -1.000000000000000e+00
308 340 -1.000000000000000e+00
309 277 -1.000000000000000e+00
309 308 -1.000000000000000e+00
309 309 4.000000000000000e+00
309 310 -1.000000000000000e+00
309 341 -1.000000000000000e+00
310 278 -1.000000000000000e+00
310 309 -1.000000000000000e+00
310 310 4.000000000000000e+00
310 311 -1.000000000000000e+00
310 342 -1.000000000000000e+00
311 279 -1.000000000000000e+00
311 310 -1.000000000000000e+00
311 311 4.000000000000000e+00
311 312 -1.000000000000000e+00
311 343 -1.000000000000000e+00
312 280 -1.000000000000000e+00
312 311 -1.000000000000000e+00
312 312 4.000000000000000e+00
312 313 -1.000000000000000e+00
312 344 -1.000000000000000e+00
313 281 -1.000000000000000e+00
313 312 -1.000000000000000e+00
313 313 4.000000000000000e+00
313 314 -1.000000000000000e+00
313 345 -1.000000000000000e+00
314 282 -1.000000000000000e+00
314 313 -1.000000000000000e+00
314 314 4.000000000000000e+00
314 315 -1.000000000000000e+00
314 346 -1.000000000000000e+00
315 283 -1.000000000000000e+00
315 314 -1.000000000000000e+00
315 315 4.000000000000000e+00
315 316 -1.000000000000000e+00
315 347 -1.000000000000000e+00
316 284 -1.000000000000000e+00
316 315 -1.000000000000000e+00
316 316 4.000000000000000e+00
316 317 -1.000000000000000e+00
316 348 -1.000000000000000e+00
317 285 -1.000000000000000e+00
317 316 -1.000000000000000e+00
317 317 4.000000000000000e+00
317 318 -1.000000000000000e+00
317 349 -1.000000000000000e+00
318 286 -1.000000000000000e+00
318 317 -1.000000000000000e+00
318 318 4.000000000000000e+00
318 319 -1.000000000000000e+00
318 350 -1.000000000000000e+00
319 287 -1.000000000000000e+00
319 318 -1.000000000000000e+00
319 319 4.000000000000000e+00
319 351 -1.000000000000000e+00
320 288 -1.000000000000000e+00
320 320 4.000000000000000e+00
320 321 -1.000000000000000e+00
320 352 -1.000000000000000e+00
321 289 -1.000000000000000e+00
321 320 -1.000000000000000e+00
321 321 4.000000000000000e+00
321 322 -1.000000000000000e+00
321 353 -1.000000000000000e+00
322 290 -1.000000000000000e+00
322 321 -1.000000000000000e+00
322 322 4.000000000000000e+00
322 323 -1.000000000000000e+00
322 354 -1.000000000000000e+00
323 291 -1.000000000000000e+00
323 322 -1.000000000000000e+00
323 323 4.000000000000000e+00
323 324 -1.000000000000000e+00
323 355 -1.000000000000000e+00
324 292 -1.000000000000000e+00
324 323 -1.000000000000000e+00
324 324 4.000000000000000e+00
324 325 -1.000000000000000e+00
324 356 -1.000000000000000e+00
325 293 -1.000000000000000e+00
325 324 -1.000000000000000e+00
325 325 4.000000000000000e+00
325 326 -1.000000000000000e+00
325 357 -1.000000000000000e+00
326 294 -1.000000000000000e+00
326 325 -1.000000000000000e+00
326 326 4.000000000000000e+00
326 327 -1.000000000000000e+00
326 358 -1.000000000000000e+00
327 295 -1.000000000000000e+00
327 326 -1.000000000000000e+00
327 327 4.000000000000000e+00
327 328 -1.000000000000000e+00
327 359 -1.000000000000000e+00
328 296 -1.000000000000000e+00
328 327 -1.000000000000000e+00
328 328 4.000000000000000e+00
328 329 -1.000000000000000e+00
328 360 -1.000000000000000e+00
329 297 -1.000000000000000e+00
329 328 -1.000000000000000e+00
329 329 4.000000000000000e+00
329 330 -1.000000000000000e+00
329 361 -1.000000000000000e+00
330 298 -1.000000000000000e+00
330 329 -1.000000000000000e+00
330 330 4.000000000000000e+00
330 331 -1.000000000000000e+00
330 362 -1.000000000000000e+00
331 299 -1.000000000000000e+00
331 330 -1.000000000000000e+00
331 331 4.000000000000000e+00
331 332 -1.000000000000000e+00
331 363 -1.000000000000000e+00
332 300 -1.000000000000000e+00
332 331 -1.000000000000000e+00
332 332 4.000000000000000e+00
332 333 -1.000000000000000e+00
332 364 -1.000000000000000e+00
333 301 -1.000000000000000e+00
333 332 -1.000000000000000e+00
333 333 4.000000000000000e+00
333 334 -1.000000000000000e+00
333 365 -1.000000000000000e+00
334 302 -1.000000000000000e+00
334 333 -1.000000000000000e+00
334 334 4.000000000000000e+00
334 335 -1.000000000000000e+00
334 366 -1.000000000000000e+00
335 303 -1.000000000000000e+00
335 334 -1.000000000000000e+00
335 335 4.000000000000000e+00
335 336 -1.000000000000000e+00
335 367 -1.000000000000000e+00
336 304 -1.000000000000000e+00
336 335 -1.000000000000000e+00
336 336 4.000000000000000e+00
336 337 -1.000000000000000e+00
336 368 -1.000000000000000e+00
337 305 -1.000000000000000e+00
337 336 -1.000000000000000e+00
337 337 4.000000000000000e+00
337 338 -1.000000000000000e+00
337 369 -1.000000000000000e+00
338 306 -1.000000000000000e+00
338 337 -1.000000000000000e+00
338 338 4.000000000000000e+00
338 339 -1.000000000000000e+00
338 370 -1.000000000000000e+00
339 307 -1.000000000000000e+00
339 338 -1.000000000000000e+00
339 339 4.000000000000000e+00
339 340 -1.000000000000000e+00
339 371 -1.000000000000000e+00
340 308 -1.000000000000000e+00
340 339 -1.000000000000000e+00
340 340 4.000000000000000e+00
340 341 -1.000000000000000e+00
340 372 -1.000000000000000e+00
341 309 -1.000000000000000e+00
341 340 -1.000000000000000e+00
341 341 4.000000000000000e+00
341 342 -1.000000000000000e+00
341 373 -1.000000000000000e+00
342 310 -1.000000000000000e+00
342 341 -1.000000000000000e+00
342 342 4.000000000000000e+00
342 343 -1.000000000000000e+00
342 374 -1.000000000000000e+00
343 311 -1.000000000000000e+00
343 342 -1.000000000000000e+00
343 343 4.000000000000000e+00
343 344 -1.000000000000000e+00
343 375 -1.000000000000000e+00
344 312 -1.000000000000000e+00
344 343 -1.000000000000000e+00
344 344 4.000000000000000e+00
344 345 -1.000000000000000e+00
344 376 -1.000000000000000e+00
345 313 -1.000000000000000e+00
345 344 -1.000000000000000e+00
345 345 4.000000000000000e+00
345 346 -1.000000000000000e+00
345 377 -1.000000000000000e+00
346 314 -1.000000000000000e+00
346 345 -1.000000000000000e+00
346 346 4.000000000000000e+00
346 347 -1.000000000000000e+00
346 378 -1.000000000000000e+00
347 315 -1.000000000000000e+00
347 346 -1.000000000000000e+00
347 347 4.000000000000000e+00
347 348 -1.000000000000000e+00
347 379 -1.000000000000000e+00
348 316 -1.000000000000000e+00
348 347 -1.000000000000000e+00
348 348 4.000000000000000e+00
348 349 -1.000000000000000e+00
348 380 -1.000000000000000e+00
349 317 -1.000000000000000e+00
349 348 -1.000000000000000e+00
349 349 4.000000000000000e+00
349 350 -1.000000000000000e+00
349 381 -1.000000000000000e+00
350 318 -1.000000000000000e+00
350 349 -1.000000000000000e+00
350 350 4.000000000000000e+00
350 351 -1.000000000000000e+00
350 382 -1.000000000000000e+00
351 319 -1.000000000000000e+00
351 350 -1.000000000000000e+00
351 351 4.000000000000000e+00
351 383 -1.000000000000000e+00
352 320 -1.000000000000000e+00
352 352 4.000000000000000e+00
352 353 -1.000000000000000e+00
352 384 -1.000000000000000e+00
353 321 -1.000000000000000e+00
353 352 -1.000000000000000e+00
353 353 4.000000000000000e+00
353 354 -1.000000000000000e+00
353 385 -1.000000000000000e+00
354 322 -1.000000000000000e+00
354 353 -1.000000000000000e+00
354 354 4.000000000000000e+00
354 355 -1.000000000000000e+00
354 386 -1.000000000000000e+00
355 323 -1.000000000000000e+00
355 354 -1.000000000000000e+00
355 355 4.000000000000000e+00
355 356 -1.000000000000000e+00
355 387 -1.000000000000000e+00
356 324 -1.000000000000000e+00
356 355 -1.000000000000000e+00
356 356 4.000000000000000e+00
356 357 -1.000000000000000e+00
356 388 -1.000000000000000e+00
357 325 -1.000000000000000e+00
357 356 -1.000000000000000e+00
357 357 4.000000000000000e+00
357 358 -1.000000000000000e+00
357 389 -1.000000000000000e+00
358 326 -1.000000000000000e+00
358 357 -1.000000000000000e+00
358 358 4.000000000000000e+00
358 359 -1.000000000000000e+00
358 390 -1.000000000000000e+00
359 327 -1.000000000000000e+00
359 358 -1.000000000000000e+00
359 359 4.000000000000000e+00
359 360 -1.000000000000000e+00
359 391 -1.000000000000000e+00
360 328 -1.000000000000000e+00
360 359 -1.000000000000000e+00
360 360 4.000000000000000e+00
360 361 -1.000000000000000e+00
360 392 -1.000000000000000e+00
361 329 -1.000000000000000e+00
361 360 -1.000000000000000e+00
361 361 4.000000000000000e+00
361 362 -1.000000000000000e+00
361 393 -1.000000000000000e+00
362 330 -1.000000000000000e+00
362 361 -1.000000000000000e+00
362 362 4.000000000000000e+00
362 363 -1.000000000000000e+00
362 394 -1.000000000000000e+00
363 331 -1.000000000000000e+00
363 362 -1.000000000000000e+00
363 363 4.000000000000000e+00
363 364 -1.000000000000000e+00
363 395 -1.000000000000000e+00
364 332 -1.000000000000000e+00
364 363 -1.000000000000000e+00
364 364 4.000000000000000e+00
364 365 -1.000000000000000e+00
364 396 -1.000000000000000e+00
365 333 -1.000000000000000e+00
365 364 -1.000000000000000e+00
365 365 4.000000000000000e+00
365 366 -1.000000000000000e+00
365 397 -1.000000000000000e+00
366 334 -1.000000000000000e+00
366 365 -1.000000000000000e+00
366 366 4.000000000000000e+00
366 367 -1.000000000000000e+00
366 398 -1.000000000000000e+00
367 335 -1.000000000000000e+00
367 366 -1.000000000000000e+00
367 367 4.000000000000000e+00
367 368 -1.000000000000000e+00
367 399 -1.000000000000000e+00
368 336 -1.000000000000000e+00
368 367 -1.000000000000000e+00
368 368 4.000000000000000e+00
368 369 -1.000000000000000e+00
368 400 -1.000000000000000e+00
369 337 -1.000000000000000e+00
369 368 -1.000000000000000e+00
369 369 4.000000000000000e+00
369 370 -1.000000000000000e+00
369 401 -1.000000000000000e+00
370 338 -1.000000000000000e+00
370 369 -1.000000000000000e+00
370 370 4.000000000000000e+00
370 371 -1.000000000000000e+00
370 402 -1.000000000000000e+00
371 339 -1.000000000000000e+00
371 370 -1.000000000000000e+00
371 371 4.000000000000000e+00
371 372 -1.000000000000000e+00
371 403 -1.000000000000000e+00
372 340 -1.000000000000000e+00
372 371 -1.000000000000000e+00
372 372 4.000000000000000e+00
372 373 -1.000000000000000e+00
372 404 -1.000000000000000e+00
373 341 -1.000000000000000e+00
373 372 -1.000000000000000e+00
373 373 4.000000000000000e+00
373 374 -1.000000000000000e+00
373 405 -1.000000000000000e+00
374 342 -1.000000000000000e+00
374 373 -1.000000000000000e+00
374 374 4.000000000000000e+00
374 375 -1.000000000000000e+00
374 406 -1.000000000000000e+00
375 343 -1.000000000000000e+00
375 374 -1.000000000000000e+00
375 375 4.000000000000000e+00
375 376 -1.000000000000000e+00
375 407 -1.000000000000000e+00
376 344 -1.000000000000000e+00
376 375 -1.000000000000000e+00
376 376 4.000000000000000e+00
376 377 -1.000000000000000e+00
376 408 -1.000000000000000e+00
377 345 -1.000000000000000e+00
377 376 -1.000000000000000e+00
377 377 4.000000000000000e+00
377 378 -1.000000000000000e+00
377 409 -1.000000000000000e+00
378 346 -1.000000000000000e+00
378 377 -1.000000000000000e+00
378 378 4.000000000000000e+00
378 379 -1.000000000000000e+00
378 410 -1.000000000000000e+00
379 347 -1.000000000000000e+00
379 378 -1.000000000000000e+00
379 379 4.000000000000000e+00
379 380 -1.000000000000000e+00
379 411 -1.000000000000000e+00
380 348 -1.000000000000000e+00
380 379 -1.000000000000000e+00
380 380 4.000000000000000e+00
380 381 -1.000000000000000e+00
380 412 -1.000000000000000e+00
381 349 -1.000000000000000e+00
381 380 -1.000000000000000e+00
381 381 4.000000000000000e+00
381 382 -1.000000000000000e+00
381 413 -1.000000000000000e+00
382 350 -1.000000000000000e+00
382 381 -1.000000000000000e+00
382 382 4.000000000000000e+00
382 383 -1.000000000000000e+00
382 414 -1.000000000000000e+00
383 351 -1.000000000000000e+00
383 382 -1.000000000000000e+00
383 383 4.000000000000000e+00
383 415 -1.000000000000000e+00
384 352 -1.000000000000000e+00
384 384 4.000000000000000e+00
384 385 -1.000000000000000e+00
384 416 -1.000000000000000e+00
385 353 -1.000000000000000e+00
385 384 -1.000000000000000e+00
385 385 4.000000000000000e+00
385 386 -1.000000000000000e+00
385 417 -1.000000000000000e+00
386 354 -1.000000000000000e+00
386 385 -1.000000000000000e+00
386 386 4.000000000000000e+00
386 387 -1.000000000000000e+00
386 418 -1.000000000000000e+00
387 355 -1.000000000000000e+00
387 386 -1.000000000000000e+00
387 387 4.000000000000000e+00
387 388 -1.000000000000000e+00
387 419 -1.000000000000000e+00
388 356 -1.000000000000000e+00
388 387 -1.000000000000000e+00
388 388 4.000000000000000e+00
388 389 -1.000000000000000e+00
388 420 -1.000000000000000e+00
389 357 -1.000000000000000e+00
389 388 -1.000000000000000e+00
389 389 4.000000000000000e+00
389 390 -1.000000000000000e+00
389 421 -1.000000000000000e+00
390 358 -1.000000000000000e+00
390 389 -1.000000000000000e+00
390 390 4.000000000000000e+00
390 391 -1.000000000000000e+00
390 422 -1.000000000000000e+00
391 359 -1.000000000000000e+00
391 390 -1.000000000000000e+00
391 391 4.000000000000000e+00
391 392 -1.000000000000000e+00
391 423 -1.000000000000000e+00
392 360 -1.000000000000000e+00
392 391 -1.000000000000000e+00
392 392 4.000000000000000e+00
392 393 -1.000000000000000e+00
392 424 -1.000000000000000e+00
393 361 -1.000000000000000e+00
393 392 -1.000000000000000e+00
393 393 4.000000000000000e+00
393 394 -1.000000000000000e+00
393 425 -1.000000000000000e+00
394 362 -1.000000000000000e+00
394 393 -1.000000000000000e+00
394 394 4.000000000000000e+00
394 395 -1.000000000000000e+00
394 426 -1.000000000000000e+00
395 363 -1.000000000000000e+00
395 394 -1.000000000000000e+00
395 395 4.000000000000000e+00
395 396 -1.000000000000000e+00
395 427 -1.000000000000000e+00
396 364 -1.000000000000000e+00
396 395 -1.000000000000000e+00
396 396 4.000000000000000e+00
396 397 -1.000000000000000e+00
396 428 -1.000000000000000e+00
397 365 -1.000000000000000e+00
397 396 -1.000000000000000e+00
397 397 4.000000000000000e+00
397 398 -1.000000000000000e+00
397 429 -1.000000000000000e+00
398 366 -1.000000000000000e+00
398 397 -1.000000000000000e+00
398 398 4.000000000000000e+00
398 399 -1.000000000000000e+00
398 430 -1.000000000000000e+00
399 367 -1.000000000000000e+00
399 398 -1.000000000000000e+00
399 399 4.000000000000000e+00
399 400 -1.000000000000000e+00
399 431 -1.000000000000000e+00
400 368 -1.000000000000000e+00
400 399 -1.000000000000000e+00
400 400 4.000000000000000e+00
400 401 -1.000000000000000e+00
400 432 -1.000000000000000e+00
401 369 -1.000000000000000e+00
401 400 -1.000000000000000e+00
401 401 4.000000000000000e+00
401 402 -1.000000000000000e+00
401 433 -1.000000000000000e+00
402 370 -1.000000000000000e+00
402 401 -1.000000000000000e+00
402 402 4.000000000000000e+00
402 403 -1.000000000000000e+00
402 434 -1.000000000000000e+00
403 371 -1.000000000000000e+00
403 402 -1.000000000000000e+00
403 403 4.000000000000000e+00
403 404 -1.000000000000000e+00
403 435 -1.000000000000000e+00
404 372 -1.000000000000000e+00
404 403 -1.000000000000000e+00
404 404 4.000000000000000e+00
404 405 -1.000000000000000e+00
404 436 -1.000000000000000e+00
405 373 -1.000000000000000e+00
405 404 -1.000000000000000e+00
405 405 4.000000000000000e+00
405 406 -1.000000000000000e+00
405 437 -1.000000000000000e+00
406 374 -1.000000000000000e+00
406 405 -1.000000000000000e+00
406 406 4.000000000000000e+00
406 407 -1.000000000000000e+00
406 438 -1.000000000000000e+00
407 375 -1.000000000000000e+00
407 406 -1.000000000000000e+00
407 407 4.000000000000000e+00
407 408 -1.000000000000000e+00
407 439 -1.000000000000000e+00
408 376 -1.000000000000000e+00
408 407 -1.000000000000000e+00
408 408 4.000000000000000e+00
408 409 -1.000000000000000e+00
408 440 -1.000000000000000e+00
409 377 -1.000000000000000e+00
409 408 -1.000000000000000e+00
409 409 4.000000000000000e+00
409 410 -1.000000000000000e+00
409 441 -1.000000000000000e+00
410 378 -1.000000000000000e+00
410 409 -1.000000000000000e+00
410 410 4.000000000000000e+00
410 411 -1.000000000000000e+00
410 442 -1.000000000000000e+00
411 379 -1.000000000000000e+00
411 410 -1.000000000000000e+00
411 411 4.000000000000000e+00
411 412 -1.000000000000000e+00
411 443 -1.000000000000000e+00
412 380 -1.000000000000000e+00
412 411 -1.000000000000000e+00
412 412 4.000000000000000e+00
412 413 -1.000000000000000e+00
412 444 -1.000000000000000e+00
413 381 -1.000000000000000e+00
413 412 -1.000000000000000e+00
413 413 4.000000000000000e+00
413 414 -1.000000000000000e+00
413 445 -1.000000000000000e+00
414 382 -1.000000000000000e+00
414 413 -1.000000000000000e+00
414 414 4.000000000000000e+00
414 415 -1.000000000000000e+00
414 446 -1.000000000000000e+00
415 383 -1.000000000000000e+00
415 414 -1.000000000000000e+00
415 415 4.000000000000000e+00
415 447 -1.000000000000000e+00
416 384 -1.000000000000000e+00
416 416 4.000000000000000e+00
416 417 -1.000000000000000e+00
416 448 -1.000000000000000e+00
417 385 -1.000000000000000e+00
417 416 -1.000000000000000e+00
417 417 4.000000000000000e+00
417 418 -1.000000000000000e+00
417 449 -1.000000000000000e+00
418 386 -1.000000000000000e+00
418 417 -1.000000000000000e+00
418 418 4.000000000000000e+00
418 419 -1.000000000000000e+00
418 450 -1.000000000000000e+00
419 387 -1.000000000000000e+00
419 418 -1.000000000000000e+00
419 419 4.000000000000000e+00
419 420 -1.000000000000000e+00
419 451 -1.000000000000000e+00
420 388 -1.000000000000000e+00
420 419 -1.000000000000000e+00
420 420 4.000000000000000e+00
420 421 -1.000000000000000e+00
420 452 -1.000000000000000e+00
421 389 -1.000000000000000e+00
421 420 -1.000000000000000e+00
421 421 4.000000000000000e+00
421 422 -1.000000000000000e+00
421 453 -1.000000000000000e+00
422 390 -1.000000000000000e+00
422 421 -1.000000000000000e+00
422 422 4.000000000000000e+00
422 423 -1.000000000000000e+00
422 454 -1.000000000000000e+00
423 391 -1.000000000000000e+00
423 422 -1.000000000000000e+00
423 423 4.000000000000000e+00
423 424 -1.000000000000000e+00
423 455 -1.000000000000000e+00
424 392 -1.000000000000000e+00
424 423 -1.000000000000000e+00
424 424 4.000000000000000e+00
424 425 -1.000000000000000e+00
424 456 -1.000000000000000e+00
425 393 -1.000000000000000e+00
425 424 -1.000000000000000e+00
425 425 4.000000000000000e+00
425 426 -1.000000000000000e+00
425 457 -1.000000000000000e+00
426 394 -1.000000000000000e+00
426 425 -1.000000000000000e+00
426 426 4.000000000000000e+00
426 427 -1.000000000000000e+00
426 458 -1.000000000000000e+00
427 395 -1.000000000000000e+00
427 426 -1.000000000000000e+00
427 427 4.000000000000000e+00
427 428 -1.000000000000000e+00
427 459 -1.000000000000000e+00
428 396 -1.000000000000000e+00
428 427 -1.000000000000000e+00
428 428 4.000000000000000e+00
428 429 -1.000000000000000e+00
428 460 -1.000000000000000e+00
429 397 -1.000000000000000e+00
429 428 -1.000000000000000e+00
429 429 4.000000000000000e+00
429 430 -1.000000000000000e+00
429 461 -1.000000000000000e+00
430 398 -1.000000000000000e+00
430 429 -1.000000000000000e+00
430 430 4.000000000000000e+00
430 431 -1.000000000000000e+00
430 462 -1.000000000000000e+00
431 399 -1.000000000000000e+00
431 430 -1.000000000000000e+00
431 431 4.000000000000000e+00
431 432 -1.000000000000000e+00
431 463 -1.000000000000000e+00
432 400 -1.000000000000000e+00
432 431 -1.000000000000000e+00
432 432 4.000000000000000e+00
432 433 -1.000000000000000e+00
432 464 -1.000000000000000e+00
433 401 -1.000000000000000e+00
433 432 -1.000000000000000e+00
433 433 4.000000000000000e+00
433 434 -1.000000000000000e+00
433 465 -1.000000000000000e+00
434 402 -1.000000000000000e+00
434 433 -1.000000000000000e+00
434 434 4.000000000000000e+00
434 435 -1.000000000000000e+00
434 466 -1.000000000000000e+00
435 403 -1.000000000000000e+00
435 434 -1.000000000000000e+00
435 435 4.000000000000000e+00
435 436 -1.000000000000000e+00
435 467 -1.000000000000000e+00
436 404 -1.000000000000000e+00
436 435 -1.000000000000000e+00
436 436 4.000000000000000e+00
436 437 -1.000000000000000e+00
436 468 -1.000000000000000e+00
437 405 -1.000000000000000e+00
437 436 -1.000000000000000e+00
437 437 4.000000000000000e+00
437 438 -1.000000000000000e+00
437 469 -1.000000000000000e+00
438 406 -1.000000000000000e+00
438 437 -1.000000000000000e+00
438 438 4.000000000000000e+00
438 439 -1.000000000000000e+00
438 470 -1.000000000000000e+00
439 407 -1.000000000000000e+00
439 438 -1.000000000000000e+00
439 439 4.000000000000000e+00
439 440 -1.000000000000000e+00
439 471 -1.000000000000000e+00
440 408 -1.000000000000000e+00
440 439 -1.000000000000000e+00
440 440 4.000000000000000e+00
440 441 -1.000000000000000e+00
440 472 -1.000000000000000e+00
441 409 -1.000000000000000e+00
441 440 -1.000000000000000e+00
441 441 4.000000000000000e+00
441 442 -1.000000000000000e+00
441 473 -1.000000000000000e+00
442 410 -1.000000000000000e+00
442 441 -1.000000000000000e+00
442 442 4.000000000000000e+00
442 443 -1.000000000000000e+00
442 474 -1.000000000000000e+00
443 411 -1.000000000000000e+00
443 442 -1.000000000000000e+00
443 443 4.000000000000000e+00
443 444 -1.000000000000000e+00
443 475 -1.000000000000000e+00
444 412 -1.000000000000000e+00
444 443 -1.000000000000000e+00
444 444 4.000000000000000e+00
444 445 -1.000000000000000e+00
444 476 -1.000000000000000e+00
445 413 -1.000000000000000e+00
445 444 -1.000000000000000e+00
445 445 4.000000000000000e+00
445 446 -1.000000000000000e+00
445 477 -1.000000000000000e+00
446 414 -1.000000000000000e+00
446 445 -1.000000000000000e+00
446 446 4.000000000000000e+00
446 447 -1.000000000000000e+00
446 478 -1.000000000000000e+00
447 415 -1.000000000000000e+00
447 446 -1.000000000000000e+00
447 447 4.000000000000000e+00
447 479 -1.000000000000000e+00
448 416 -1.000000000000000e+00
448 448 4.000000000000000e+00
448 449 -1.000000000000000e+00
448 480 -1.000000000000000e+00
449 417 -1.000000000000000e+00
449 448 -1.000000000000000e+00
449 449 4.000000000000000e+00
449 450 -1.000000000000000e+00
449 481 -1.000000000000000e+00
450 418 -1.000000000000000e+00
450 449 -1.000000000000000e+00
450 450 4.000000000000000e+00
450 451 -1.000000000000000e+00
450 482 -1.000000000000000e+00
451 419 -1.000000000000000e+00
451 450 -1.000000000000000e+00
451 451 4.000000000000000e+00
451 452 -1.000000000000000e+00
451 483 -1.000000000000000e+00
452 420 -1.000000000000000e+00
452 451 -1.000000000000000e+00
452 452 4.000000000000000e+00
452 453 -1.000000000000000e+00
452 484 -1.000000000000000e+00
453 421 -1.000000000000000e+00
453 452 -1.000000000000000e+00
453 453 4.000000000000000e+00
453 454 -1.000000000000000e+00
453 485 -1.000000000000000e+00
454 422 -1.000000000000000e+00
454 453 -1.000000000000000e+00
454 454 4.000000000000000e+00
454 455 -1.000000000000000e+00
454 486 -1.000000000000000e+00
455 423 -1.000000000000000e+00
455 454 -1.000000000000000e+00
455 455 4.000000000000000e+00
455 456 -1.000000000000000e+00
455 487 -1.000000000000000e+00
456 424 -1.000000000000000e+00
456 455 -1.000000000000000e+00
456 456 4.000000000000000e+00
456 457 -1.000000000000000e+00
456 488 -1.000000000000000e+00
457 425 -1.000000000000000e+00
457 456 -1.000000000000000e+00
457 457 4.000000000000000e+00
457 458 -1.000000000000000e+00
457 489 -1.000000000000000e+00
458 426 -1.000000000000000e+00
458 457 -1.000000000000000e+00
458 458 4.000000000000000e+00
458 459 -1.000000000000000e+00
458 490 -1.000000000000000e+00
459 427 -1.000000000000000e+00
459 458 -1.000000000000000e+00
459 459 4.000000000000000e+00
459 460 -1.000000000000000e+00
459 491 -1.000000000000000e+00
460 428 -1.000000000000000e+00
460 459 -1.000000000000000e+00
460 460 4.000000000000000e+00
460 461 -1.000000000000000e+00
460 492 -1.000000000000000e+00
461 429 -1.000000000000000e+00
461 460 -1.000000000000000e+00
461 461 4.000000000000000e+00
461 462 -1.000000000000000e+00
461 493 -1.000000000000000e+00
462 430 -1.000000000000000e+00
462 461 -1.000000000000000e+00
462 462 4.000000000000000e+00
462 463 -1.000000000000000e+00
462 494 -1.000000000000000e+00
463 431 -1.000000000000000e+00
463 462 -1.000000000000000e+00
463 463 4.000000000000000e+00
463 464 -1.000000000000000e+00
463 495 -1.000000000000000e+00
464 432 -1.000000000000000e+00
464 463 -1.000000000000000e+00
464 464 4.000000000000000e+00
464 465 -1.000000000000000e+00
464 496 -1.000000000000000e+00
465 433 -1.000000000000000e+00
465 464 -1.000000000000000e+00
465 465 4.000000000000000e+00
465 466 -1.000000000000000e+00
465 497 -1.000000000000000e+00
466 434 -1.000000000000000e+00
466 465 -1.000000000000000e+00
466 466 4.000000000000000e+00
466 467 -1.000000000000000e+00
466 498 -1.000000000000000e+00
467 435 -1.000000000000000e+00
467 466 -1.000000000000000e+00
467 467 4.000000000000000e+00
467 468 -1.000000000000000e+00
467 499 -1.000000000000000e+00
468 436 -1.000000000000000e+00
468 467 -1.000000000000000e+00
468 468 4.000000000000000e+00
468 469 -1.000000000000000e+00
468 500 -1.000000000000000e+00
469 437 -1.000000000000000e+00
469 468 -1.000000000000000e+00
469 469 4.000000000000000e+00
469 470 -1.000000000000000e+00
469 501 -1.000000000000000e+00
470 438 -1.000000000000000e+00
470 469 -1.000000000000000e+00
470 470 4.000000000000000e+00
470 471 -1.000000000000000e+00
470 502 -1.000000000000000e+00
471 439 -1.000000000000000e+00
471 470 -1.000000000000000e+00
471 471 4.000000000000000e+00
471 472 -1.000000000000000e+00
471 503 -1.000000000000000e+00
472 440 -1.000000000000000e+00
472 471 -1.000000000000000e+00
472 472 4.000000000000000e+00
472 473 -1.000000000000000e+00
472 504 -1.000000000000000e+00
473 441 -1.000000000000000e+00
473 472 -1.000000000000000e+00
473 473 4.000000000000000e+00
473 474 -1.000000000000000e+00
473 505 -1.000000000000000e+00
474 442 -1.000000000000000e+00
474 473 -1.000000000000000e+00
474 474 4.000000000000000e+00
474 475 -1.000000000000000e+00
474 506 -1.000000000000000e+00
475 443 -1.000000000000000e+00
475 474 -1.000000000000000e+00
475 475 4.000000000000000e+00
475 476 -1.000000000000000e+00
475 507 -1.000000000000000e+00
476 444 -1.000000000000000e+00
476 475 -1.000000000000000e+00
476 476 4.000000000000000e+00
476 477 -1.000000000000000e+00
476 508 -1.000000000000000e+00
477 445 -1.000000000000000e+00
477 476 -1.000000000000000e+00
477 477 4.000000000000000e+00
477 478 -1.000000000000000e+00
477 509 -1.000000000000000e+00
478 446 -1.000000000000000e+00
478 477 -1.000000000000000e+00
478 478 4.000000000000000e+00
478 479 -1.000000000000000e+00
478 510 -1.000000000000000e+00
479 447 -1.000000000000000e+00
479 478 -1.000000000000000e+00
479 479 4.000000000000000e+00
479 511 -1.000000000000000e+00
480 448 -1.000000000000000e+00
480 480 4.000000000000000e+00
480 481 -1.000000000000000e+00
480 512 -1.000000000000000e+00
481 449 -1.000000000000000e+00
481 480 -1.000000000000000e+00
481 481 4.000000000000000e+00
481 482 -1.000000000000000e+00
481 513 -1.000000000000000e+00
482 450 -1.000000000000000e+00
482 481 -1.000000000000000e+00
482 482 4.000000000000000e+00
482 483 -1.000000000000000e+00
482 514 -1.000000000000000e+00
483 451 -1.000000000000000e+00
483 482 -1.000000000000000e+00
483 483 4.000000000000000e+00
483 484 -1.000000000000000e+00
483 515 -1.000000000000000e+00
484 452 -1.000000000000000e+00
484 483 -1.000000000000000e+00
484 484 4.000000000000000e+00
484 485 -1.000000000000000e+00
484 516 -1.000000000000000e+00
485 453 -1.000000000000000e+00
485 484 -1.000000000000000e+00
485 485 4.000000000000000e+00
485 486 -1.000000000000000e+00
485 517 -1.000000000000000e+00
486 454 -1.000000000000000e+00
486 485 -1.000000000000000e+00
486 486 4.000000000000000e+00
486 487 -1.000000000000000e+00
486 518 -1.000000000000000e+00
487 455 -1.000000000000000e+00
487 486 -1.000000000000000e+00
487 487 4.000000000000000e+00
487 488 -1.000000000000000e+00
487 519 -1.000000000000000e+00
488 456 -1.000000000000000e+00
488 487 -1.000000000000000e+00
488 488 4.000000000000000e+00
488 489 -1.000000000000000e+00
488 520 -1.000000000000000e+00
489 457 -1.000000000000000e+00
489 488 -1.000000000000000e+00
489 489 4.000000000000000e+00
489 490 -1.000000000000000e+00
489 521 -1.000000000000000e+00
490 458 -1.000000000000000e+00
490 489 -1.000000000000000e+00
490 490 4.000000000000000e+00
490 491 -1.000000000000000e+00
490 522 -1.000000000000000e+00
491 459 -1.000000000000000e+00
491 490 -1.000000000000000e+00
491 491 4.000000000000000e+00
491 492 -1.000000000000000e+00
491 523 -1.000000000000000e+00
492 460 -1.000000000000000e+00
492 491 -1.000000000000000e+00
492 492 4.000000000000000e+00
492 493 -1.000000000000000e+00
492 524 -1.000000000000000e+00
493 461 -1.000000000000000e+00
493 492 -1.000000000000000e+00
493 493 4.000000000000000e+00
493 494 -1.000000000000000e+00
493 525 -1.000000000000000e+00
494 462 -1.000000000000000e+00
494 493 -1.000000000000000e+00
494 494 4.000000000000000e+00
494 495 -1.000000000000000e+00
494 526 -1.000000000000000e+00
495 463 -1.000000000000000e+00
495 494 -1.000000000000000e+00
495 495 4.000000000000000e+00
495 496 -1.000000000000000e+00
495 527 -1.000000000000000e+00
496 464 -1.000000000000000e+00
496 495 -1.000000000000000e+00
496 496 4.000000000000000e+00
496 497 -1.000000000000000e+00
496 528 -1.000000000000000e+00
497 465 -1.000000000000000e+00
497 496 -1.000000000000000e+00
497 497 4.000000000000000e+00
497 498 -1.000000000000000e+00
497 529 -1.000000000000000e+00
498 466 -1.000000000000000e+00
498 497 -1.000000000000000e+00
498 498 4.000000000000000e+00
498 499 -1.000000000000000e+00
498 530 -1.000000000000000e+00
499 467 -1.000000000000000e+00
499 498 -1.000000000000000e+00
499 499 4.000000000000000e+00
499 500 -1.000000000000000e+00
499 531 -1.000000000000000e+00
500 468 -1.000000000000000e+00
500 499 -1.000000000000000e+00
500 500 4.000000000000000e+00
500 501 -1.000000000000000e+00
500 532 -1.000000000000000e+00
501 469 -1.000000000000000e+00
501 500 -1.000000000000000e+00
501 501 4.000000000000000e+00
501 502 -1.000000000000000e+00
501 533 -1.000000000000000e+00
502 470 -1.000000000000000e+00
502 501 -1.000000000000000e+00
502 502 4.000000000000000e+00
502 503 -1.000000000000000e+00
502 534 -1.000000000000000e+00
503 471 -1.000000000000000e+00
503 502 -1.000000000000000e+00
503 503 4.000000000000000e+00
503 504 -1.000000000000000e+00
503 535 -1.000000000000000e+00
504 472 -1.000000000000000e+00
504 503 -1.000000000000000e+00
504 504 4.000000000000000e+00
504 505 -1.000000000000000e+00
504 536 -1.000000000000000e+00
505 473 -1.000000000000000e+00
505 504 -1.000000000000000e+00
505 505 4.000000000000000e+00
505 506 -1.000000000000000e+00
505 537 -1.000000000000000e+00
506 474 -1.000000000000000e+00
506 505 -1.000000000000000e+00
506 506 4.000000000000000e+00
506 507 -1.000000000000000e+00
506 538 -1.000000000000000e+00
507 475 -1.000000000000000e+00
507 506 -1.000000000000000e+00
507 507 4.000000000000000e+00
507 508 -1.000000000000000e+00
507 539 -1.000000000000000e+00
508 476 -1.000000000000000e+00
508 507 -1.000000000000000e+00
508 508 4.000000000000000e+00
508 509 -1.000000000000000e+00
508 540 -1.000000000000000e+00
509 477 -1.000000000000000e+00
509 508 -1.000000000000000e+00
509 509 4.000000000000000e+00
509 510 -1.000000000000000e+00
509 541 -1.000000000000000e+00
510 478 -1.000000000000000e+00
510 509 -1.000000000000000e+00
510 510 4.000000000000000e+00
510 511 -1.000000000000000e+00
510 542 -1.000000000000000e+00
511 479 -1.000000000000000e+00
511 510 -1.000000000000000e+00
511 511 4.000000000000000e+00
511 543 -1.000000000000000e+00
