1520
3.755811943402327e-07
-3.755811943402334e-07
5.052488534441631e-07
5.052488534441639e-07
2.861178358541482e-07
2.861178358541479e-07
0.000000000000000e+00
1.817862003300626e-06
1.564501767502178e-07
-1.564501767502176e-07
6.483140051818897e-07
0.000000000000000e+00
8.429217383214654e-07
-8.429217383214662e-07
9.438353713441345e-07
9.438353713441356e-07
5.223696035644808e-07
5.223696035644799e-07
0.000000000000000e+00
9.524456617995567e-07
4.214559705418117e-07
-4.214559705418110e-07
4.045734488904516e-07
0.000000000000000e+00
1.014787252333339e-06
-1.014787252333340e-06
1.111358875273856e-06
1.111358875273858e-06
5.741676220558051e-07
5.741676220558042e-07
0.000000000000000e+00
4.874056614794705e-07
4.775959991152878e-07
-4.775959991152874e-07
2.889047819325098e-07
0.000000000000000e+00
1.087778012521241e-06
-1.087778012521243e-06
1.193972460832893e-06
1.193972460832895e-06
5.788110870074327e-07
5.788110870074339e-07
-3.415278080829808e-22
1.922630636523968e-07
4.726166386957833e-07
-4.726166386957829e-07
2.839527117415649e-07
0.000000000000000e+00
1.105975957968361e-06
-1.105975957968362e-06
1.227975673102809e-06
1.227975673102810e-06
5.528287534001244e-07
5.528287534001240e-07
0.000000000000000e+00
-9.271678214017302e-09
4.308290382656785e-07
-4.308290382656764e-07
3.721082125578355e-07
0.000000000000000e+00
1.090608353116974e-06
-1.090608353116980e-06
1.228437230310462e-06
1.228437230310459e-06
5.021012759470899e-07
5.021012759470924e-07
2.635539256595211e-22
-1.483676701740314e-07
3.642723987536155e-07
-3.642723987536138e-07
5.363448986621437e-07
0.000000000000000e+00
1.055563244815814e-06
-1.055563244815816e-06
1.204591199656275e-06
1.204591199656277e-06
4.315687905006891e-07
4.315687905006870e-07
-4.257699022188774e-22
-2.396871466223136e-07
2.825408356602273e-07
-2.825408356602256e-07
7.602223223413554e-07
0.000000000000000e+00
1.011258057019061e-06
-1.011258057019058e-06
1.163670388531492e-06
1.163670388531498e-06
3.467524741099677e-07
3.467524741099660e-07
0.000000000000000e+00
-2.915318367324408e-07
1.943401425975251e-07
-1.943401425975264e-07
1.027943204901518e-06
0.000000000000000e+00
9.660404244841673e-07
-9.660404244841651e-07
1.112281744389265e-06
1.112281744389271e-06
2.540145051955761e-07
2.540145051955748e-07
0.000000000000000e+00
-3.101861670455716e-07
1.077731852904693e-07
-1.077731852904693e-07
1.324471322538549e-06
0.000000000000000e+00
9.268235819337997e-07
-9.268235819338005e-07
1.057009548415902e-06
1.057009548415903e-06
1.605551035032105e-07
1.605551035032105e-07
0.000000000000000e+00
-3.020312371859919e-07
3.036913702110797e-08
-3.036913702110797e-08
1.635735730168915e-06
0.000000000000000e+00
8.994363321271984e-07
-8.994363321271993e-07
1.004710771274347e-06
1.004710771274348e-06
7.434347858483795e-08
7.434347858483795e-08
-4.879074275758206e-22
-2.746674636277204e-07
-3.093096056231051e-08
3.093096056231051e-08
1.948954513502612e-06
0.000000000000000e+00
8.888746609615840e-07
-8.888746609615883e-07
9.626574821394359e-07
9.626574821394333e-07
4.010572556438923e-09
4.010572556438923e-09
4.219262435632793e-22
-2.375233591611772e-07
-6.977224862140568e-08
6.977224862140526e-08
2.253169173586063e-06
0.000000000000000e+00
8.995789204581923e-07
-8.995789204581966e-07
9.385683550907315e-07
9.385683550907298e-07
-4.133347880715297e-08
-4.133347880715297e-08
0.000000000000000e+00
-2.021303539353662e-07
-8.032291343968707e-08
8.032291343968623e-08
2.540195336405649e-06
0.000000000000000e+00
9.359783227259504e-07
-9.359783227259516e-07
9.404806615441159e-07
9.404806615441172e-07
-5.250647289752511e-08
-5.250647289752511e-08
0.000000000000000e+00
-1.819300191661477e-07
-5.700881171569068e-08
5.700881171569068e-08
2.806382113066110e-06
0.000000000000000e+00
1.004384701236210e-06
-1.004384701236212e-06
9.761330477277940e-07
9.761330477277944e-07
-2.151096611963059e-08
-2.151096611963059e-08
-2.111294784725521e-23
-1.901685281151826e-07
6.740687388787458e-09
-6.740687388787458e-09
3.055693440730300e-06
0.000000000000000e+00
1.127883346155544e-06
-1.127883346155544e-06
1.049597388269152e-06
1.049597388269156e-06
5.200647133007260e-08
5.200647133007260e-08
1.302924292164603e-07
-1.302924292164608e-07
3.292500530309922e-06
0.000000000000000e+00
-4.279123798798644e-08
4.279123798798639e-08
2.704954620232760e-07
2.704954620232757e-07
1.914337520726070e-07
1.914337520726072e-07
0.000000000000000e+00
6.529772009211845e-07
-1.218529479386554e-07
1.218529479386555e-07
5.557423205885070e-07
0.000000000000000e+00
3.241311876680919e-07
-3.241311876680916e-07
5.261833066597898e-07
5.261833066597894e-07
4.360571790805462e-07
4.360571790805466e-07
0.000000000000000e+00
4.904241942721677e-07
2.340050600888483e-07
-2.340050600888485e-07
4.421314441459355e-07
0.000000000000000e+00
5.348249176233316e-07
-5.348249176233309e-07
6.577498593599502e-07
6.577498593599496e-07
5.360094006400975e-07
5.360094006400981e-07
0.000000000000000e+00
3.161752896661517e-07
4.130844589034789e-07
-4.130844589034792e-07
3.991078164392371e-07
0.000000000000000e+00
6.572048556735335e-07
-6.572048556735352e-07
7.244671219854852e-07
7.244671219854844e-07
5.544783207943690e-07
5.544783207943714e-07
0.000000000000000e+00
1.906029401637065e-07
4.872160544824214e-07
-4.872160544824220e-07
4.182659298856842e-07
0.000000000000000e+00
7.339922131082060e-07
-7.339922131082054e-07
7.619392157515068e-07
7.619392157515034e-07
5.253457812312830e-07
5.253457812312834e-07
0.000000000000000e+00
1.018637226381480e-07
4.973987785879867e-07
-4.973987785879854e-07
4.909946805278720e-07
0.000000000000000e+00
7.855686864971963e-07
-7.855686864972008e-07
7.848625242764816e-07
7.848625242764776e-07
4.642459994841270e-07
4.642459994841308e-07
0.000000000000000e+00
3.832286401846283e-08
4.649521617048553e-07
-4.649521617048540e-07
6.089187872027073e-07
0.000000000000000e+00
8.229345855376832e-07
-8.229345855376791e-07
7.998451478482208e-07
7.998451478482168e-07
3.810671422379405e-07
3.810671422379397e-07
0.000000000000000e+00
-7.480866668419298e-09
4.041565799274028e-07
-4.041565799274020e-07
7.640963718431560e-07
0.000000000000000e+00
8.525725569741415e-07
-8.525725569741373e-07
8.101996521838046e-07
8.101996521838092e-07
2.839366549633011e-07
2.839366549633004e-07
0.000000000000000e+00
-4.072137779782481e-08
3.263095597536260e-07
-3.263095597536287e-07
9.491217173699823e-07
0.000000000000000e+00
8.784511913500844e-07
-8.784511913500808e-07
8.178825575078096e-07
8.178825575078117e-07
1.805602886319130e-07
1.805602886319126e-07
0.000000000000000e+00
-6.599956956257843e-08
2.411289224741807e-07
-2.411289224741817e-07
1.157230264213355e-06
0.000000000000000e+00
9.029854698203774e-07
-9.029854698203766e-07
8.243710569678695e-07
8.243710569678689e-07
7.868773237142538e-08
7.868773237142559e-08
0.000000000000000e+00
-8.847383048173667e-08
1.573021452239333e-07
-1.573021452239335e-07
1.382439911375873e-06
0.000000000000000e+00
9.275962960439300e-07
-9.275962960439258e-07
8.310834388669241e-07
8.310834388669232e-07
-1.376819480261984e-08
-1.376819480261984e-08
0.000000000000000e+00
-1.145739756478928e-07
8.274466237438272e-08
-8.274466237438272e-08
1.619737729213945e-06
0.000000000000000e+00
9.531537138721889e-07
-9.531537138721944e-07
8.395579492185250e-07
8.395579492185239e-07
-8.881280162739080e-08
-8.881280162739165e-08
0.000000000000000e+00
-1.524530154448720e-07
2.478296302627908e-08
-2.478296302627908e-08
1.865308878034176e-06
0.000000000000000e+00
9.805097913281531e-07
-9.805097913281556e-07
8.514389466003878e-07
8.514389466003809e-07
-1.386739816112579e-07
-1.386739816112585e-07
0.000000000000000e+00
-2.122974739009509e-07
-9.603136883483661e-09
9.603136883483555e-09
2.116757929922954e-06
0.000000000000000e+00
1.011484542894114e-06
-1.011484542894113e-06
8.681752958892536e-07
8.681752958892528e-07
-1.565552657619791e-07
-1.565552657619792e-07
0.000000000000000e+00
-3.067489769501149e-07
-1.324601875711870e-08
1.324601875711870e-08
2.372929501833785e-06
0.000000000000000e+00
1.051201478566063e-06
-1.051201478566063e-06
8.899911976676905e-07
8.899911976676896e-07
-1.385551902836502e-07
-1.385551902836503e-07
0.000000000000000e+00
-4.535324463074663e-07
2.265509061472336e-08
-2.265509061472330e-08
2.631385179069713e-06
0.000000000000000e+00
1.110781000974448e-06
-1.110781000974445e-06
9.126764975363012e-07
9.126764975363017e-07
-8.844305856488640e-08
-8.844305856488633e-08
1.096614448732572e-07
-1.096614448732575e-07
2.878184888036909e-06
0.000000000000000e+00
-1.657517041116329e-07
1.657517041116329e-07
2.432433112765089e-07
2.432433112765089e-07
2.177620860339490e-07
2.177620860339490e-07
0.000000000000000e+00
-2.385503193121574e-07
-1.912329293541928e-07
1.912329293541928e-07
4.219597626931158e-07
0.000000000000000e+00
4.332124778742355e-08
-4.332124778742355e-08
2.942461862100824e-07
2.942461862100824e-07
3.925015757500864e-07
3.925015757500864e-07
0.000000000000000e+00
-1.210726126838031e-08
1.415766373274275e-07
-1.415766373274275e-07
4.212095417292853e-07
0.000000000000000e+00
2.114095678720999e-07
-2.114095678720999e-07
3.390715095881141e-07
3.390715095881141e-07
4.813764110953270e-07
4.813764110953270e-07
0.000000000000000e+00
7.251869935822369e-08
3.537144693793129e-07
-3.537144693793129e-07
4.430103550532574e-07
0.000000000000000e+00
3.404122370007886e-07
-3.404122370007898e-07
3.724521524605160e-07
3.724521524605160e-07
5.006946799217428e-07
5.006946799217446e-07
0.000000000000000e+00
1.064583728087072e-07
4.686547644620184e-07
-4.686547644620184e-07
4.858495351683896e-07
0.000000000000000e+00
4.453165642610807e-07
-4.453165642610807e-07
4.031996875635838e-07
4.031996875635823e-07
4.713231016106564e-07
4.713231016106564e-07
0.000000000000000e+00
1.209654693177307e-07
5.134399783081566e-07
-5.134399783081548e-07
5.483447443513883e-07
0.000000000000000e+00
5.371077220539101e-07
-5.371077220539138e-07
4.371972571103017e-07
4.371972571103001e-07
4.085081143720521e-07
4.085081143720550e-07
0.000000000000000e+00
1.249131601499915e-07
5.084185793156705e-07
-5.084185793156687e-07
6.293207745612431e-07
0.000000000000000e+00
6.217227756241982e-07
-6.217227756241960e-07
4.763132012246577e-07
4.763132012246559e-07
3.231760416875949e-07
3.231760416875938e-07
0.000000000000000e+00
1.204181540731304e-07
4.685856160871355e-07
-4.685856160871338e-07
7.279281210722198e-07
0.000000000000000e+00
7.017306091649375e-07
-7.017306091649351e-07
5.200181749743131e-07
5.200181749743168e-07
2.240731969808123e-07
2.240731969808115e-07
0.000000000000000e+00
1.071335683957482e-07
4.057856311714269e-07
-4.057856311714298e-07
8.437308854866107e-07
0.000000000000000e+00
7.775817225167021e-07
-7.775817225166994e-07
5.665565951355797e-07
5.665565951355816e-07
1.189337564165398e-07
1.189337564165393e-07
0.000000000000000e+00
8.322359447927839e-08
3.299588837976560e-07
-3.299588837976571e-07
9.767811523526172e-07
0.000000000000000e+00
8.483911835931523e-07
-8.483911835931523e-07
6.136234603224912e-07
6.136234603224912e-07
1.502228323702174e-08
1.502228323702174e-08
0.000000000000000e+00
4.542985799404972e-08
2.497900065076828e-07
-2.497900065076828e-07
1.127682980691275e-06
0.000000000000000e+00
9.124754170316710e-07
-9.124754170316678e-07
6.587335004332672e-07
6.587335004332672e-07
-8.067125808630414e-08
-8.067125808630382e-08
0.000000000000000e+00
-1.108077855100862e-08
1.730706585120968e-07
-1.730706585120968e-07
1.297634900975894e-06
0.000000000000000e+00
9.678115904929776e-07
-9.678115904929844e-07
6.993920862442063e-07
6.993920862442063e-07
-1.614662383174506e-07
-1.614662383174516e-07
0.000000000000000e+00
-9.290488072585928e-08
1.069532659313265e-07
-1.069532659313265e-07
1.488381113420460e-06
0.000000000000000e+00
1.012551275438747e-06
-1.012551275438750e-06
7.331033324451918e-07
7.331033324451866e-07
-2.212461125360441e-07
-2.212461125360449e-07
0.000000000000000e+00
-2.086210987431512e-07
5.820183045751913e-08
-5.820183045751870e-08
1.701910781938067e-06
0.000000000000000e+00
1.045736874964258e-06
-1.045736874964258e-06
7.571993390502930e-07
7.571993390502930e-07
-2.550186604448291e-07
-2.550186604448291e-07
0.000000000000000e+00
-3.691506378591906e-07
3.351887546913570e-08
-3.351887546913570e-08
1.939453113676154e-06
0.000000000000000e+00
1.068103240585352e-06
-1.068103240585352e-06
7.684995104241300e-07
7.684995104241294e-07
-2.598161858620112e-07
-2.598161858620112e-07
0.000000000000000e+00
-5.878927467759860e-07
3.978754429921158e-08
-3.978754429921158e-08
2.198919356808552e-06
0.000000000000000e+00
1.081946882976280e-06
-1.081946882976279e-06
7.636669011791050e-07
7.636669011791061e-07
-2.349515362033275e-07
-2.349515362033275e-07
8.332844559384449e-08
-8.332844559384492e-08
2.470788028651937e-06
0.000000000000000e+00
-1.918765410865227e-07
1.918765410865221e-07
2.396228518363811e-07
2.396228518363802e-07
2.340232230005650e-07
2.340232230005667e-07
0.000000000000000e+00
-7.935950432601871e-07
-1.974761699223388e-07
1.974761699223395e-07
2.632882454126172e-07
4.676938754723945e-22
-9.400040056811340e-08
9.400040056811309e-08
1.622063800759282e-07
1.622063800759276e-07
3.550821027364022e-07
3.550821027364034e-07
0.000000000000000e+00
-4.038153949958028e-07
9.887532209236055e-08
-9.887532209236129e-08
3.571670720611593e-07
-6.344561712644028e-22
1.512784877478218e-08
-1.512784877478208e-08
1.297403660043853e-07
1.297403660043848e-07
4.180954334098451e-07
4.180954334098465e-07
0.000000000000000e+00
-1.647057984460407e-07
3.034829161802419e-07
-3.034829161802430e-07
4.339427704584465e-07
0.000000000000000e+00
1.243664362416727e-07
-1.243664362416727e-07
1.250421542526565e-07
1.250421542526560e-07
4.293982030089252e-07
4.293982030089267e-07
0.000000000000000e+00
-1.624619259533351e-08
4.287224849979434e-07
-4.287224849979448e-07
4.977993041025809e-07
-8.842691984913070e-22
2.325895611255703e-07
-2.325895611255695e-07
1.417258159657854e-07
1.417258159657843e-07
4.000164861670917e-07
4.000164861670945e-07
0.000000000000000e+00
7.753449376912304e-08
4.908802313268789e-07
-4.908802313268772e-07
5.531167442158871e-07
1.965065423149377e-21
3.411881202729170e-07
-3.411881202729183e-07
1.767215560899341e-07
1.767215560899329e-07
3.408048921462237e-07
3.408048921462260e-07
0.000000000000000e+00
1.348721429248428e-07
5.052714563292136e-07
-5.052714563292156e-07
6.044819480786233e-07
-2.147551285526902e-21
4.506423563817414e-07
-4.506423563817383e-07
2.268274539149290e-07
2.268274539149273e-07
2.608666531834584e-07
2.608666531834593e-07
0.000000000000000e+00
1.645692613503960e-07
4.846815556502708e-07
-4.846815556502690e-07
6.567362069416595e-07
2.333195705765183e-21
5.599183753901035e-07
-5.599183753900997e-07
2.880558310520717e-07
2.880558310520726e-07
1.677764564880164e-07
1.677764564880157e-07
0.000000000000000e+00
1.705330152232524e-07
4.396390008260405e-07
-4.396390008260468e-07
7.150231508337293e-07
-2.540272528626028e-21
6.667169867177216e-07
-6.667169867177170e-07
3.558078317264999e-07
3.558078317264999e-07
6.807976448227483e-08
6.807976448227526e-08
0.000000000000000e+00
1.537394439752072e-07
3.789889194734914e-07
-3.789889194734927e-07
7.848243024014957e-07
2.788256034596855e-21
7.678527510680342e-07
-7.678527510680315e-07
4.251518977092830e-07
4.251518977092815e-07
-3.235394858621956e-08
-3.235394858621977e-08
0.000000000000000e+00
1.130124011395487e-07
3.103469047725317e-07
-3.103469047725338e-07
8.719603407145100e-07
-1.548912714913993e-21
8.596123708860858e-07
-8.596123708860799e-07
4.910371440779009e-07
4.910371440778990e-07
-1.281627178761271e-07
-1.281627178761269e-07
0.000000000000000e+00
4.530652432383739e-08
2.404125089320551e-07
-2.404125089320559e-07
9.825356095239253e-07
-1.745333849932115e-21
9.380975947081351e-07
-9.380975947081379e-07
5.484210892087431e-07
5.484210892087412e-07
-2.144815401674810e-07
-2.144815401674840e-07
0.000000000000000e+00
-5.422435813244450e-08
1.751949653319161e-07
-1.751949653319161e-07
1.122749433228279e-06
3.988807269295629e-21
9.995720937040021e-07
-9.995720937040021e-07
5.923244303776686e-07
5.923244303776621e-07
-2.870647514639313e-07
-2.870647514639330e-07
0.000000000000000e+00
-1.922523144826625e-07
1.201829118624101e-07
-1.201829118624101e-07
1.298444566656969e-06
-2.306500886563197e-21
1.040795176016796e-06
-1.040795176016792e-06
6.178515476995359e-07
6.178515476995337e-07
-3.425052570377713e-07
-3.425052570377726e-07
0.000000000000000e+00
-3.773143569230946e-07
8.043837127948833e-08
-8.043837127948876e-08
1.514201628052314e-06
0.000000000000000e+00
1.059152333106172e-06
-1.059152333106169e-06
6.203377092385081e-07
6.203377092385055e-07
-3.783548216655951e-07
-3.783548216655959e-07
0.000000000000000e+00
-6.196890670939677e-07
6.045980220207006e-08
-6.045980220207048e-08
1.771889367267312e-06
0.000000000000000e+00
1.052202795223225e-06
-1.052202795223219e-06
5.959715258876137e-07
5.959715258876124e-07
-3.926648597162750e-07
-3.926648597162767e-07
6.356640961933369e-08
-6.356640961933369e-08
2.069224830240000e-06
0.000000000000000e+00
-1.622678509310908e-07
1.622678509310897e-07
2.320928139670781e-07
2.320928139670774e-07
2.264491779215202e-07
2.264491779215202e-07
0.000000000000000e+00
-1.106241927930099e-06
-1.679114869766486e-07
1.679114869766492e-07
9.394007164370253e-08
-1.668710887580405e-22
-1.440833799926284e-07
1.440833799926278e-07
8.226407898780132e-08
8.226407898780079e-08
3.046772878841852e-07
3.046772878841873e-07
0.000000000000000e+00
-6.624782470560333e-07
7.832982890375551e-08
-7.832982890375551e-08
2.627309419537768e-07
9.334078113233233e-22
-8.919652790463450e-08
8.919652790463429e-08
-1.540616604997157e-09
-1.540616604997157e-09
3.430528995113545e-07
3.430528995113545e-07
0.000000000000000e+00
-3.536947350582909e-07
2.553969882117172e-07
-2.553969882117191e-07
3.830928646480265e-07
-1.361019260485913e-21
-1.057932718664374e-08
1.057932718664374e-08
-3.725737800867512e-08
-3.725737800867512e-08
3.450897116348147e-07
3.450897116348185e-07
0.000000000000000e+00
-1.425344416437863e-07
3.717677624568474e-07
-3.717677624568474e-07
4.636549588002049e-07
1.647233314373174e-21
8.444861882158782e-08
-8.444861882158719e-08
-3.657595103702053e-08
-3.657595103702032e-08
3.168477170207632e-07
3.168477170207632e-07
0.000000000000000e+00
-1.850259214484009e-10
4.378722868793730e-07
-4.378722868793745e-07
5.132184846719213e-07
-1.823318330707199e-21
1.915470719241807e-07
-1.915470719241819e-07
-7.629193426615615e-09
-7.629193426615615e-09
2.650670923028302e-07
2.650670923028343e-07
0.000000000000000e+00
9.232084804803331e-08
4.642433576536316e-07
-4.642433576536299e-07
5.407567869036720e-07
1.921154033736886e-21
3.071948611285405e-07
-3.071948611285371e-07
4.281892642702772e-08
4.281892642702751e-08
1.959565733395993e-07
1.959565733395986e-07
0.000000000000000e+00
1.464755968727529e-07
4.603325080411121e-07
-4.603325080411140e-07
5.554317525996745e-07
-1.973289985100990e-21
4.276876351917451e-07
-4.276876351917434e-07
1.083258737787371e-07
1.083258737787371e-07
1.148306642974106e-07
1.148306642974106e-07
0.000000000000000e+00
1.687904730007154e-07
4.341924257104126e-07
-4.341924257104158e-07
5.666118901876715e-07
1.006504906420378e-21
5.488752510245401e-07
-5.488752510245346e-07
1.824458675336523e-07
1.824458675336530e-07
2.616323948329923e-08
2.616323948329965e-08
0.000000000000000e+00
1.624135330061861e-07
3.925926229741832e-07
-3.925926229741857e-07
5.838787692626505e-07
1.037177045160310e-21
6.662139850919157e-07
-6.662139850919131e-07
2.587030470622843e-07
2.587030470622826e-07
-6.626702773248449e-08
-6.626702773248491e-08
0.000000000000000e+00
1.280280616583398e-07
3.412439102971468e-07
-3.412439102971490e-07
6.169946528023230e-07
-1.096002671378789e-21
7.749253105502776e-07
-7.749253105502746e-07
3.306520629095389e-07
3.306520629095377e-07
-1.592696258571162e-07
-1.592696258571157e-07
0.000000000000000e+00
6.432645941659951e-08
2.850036217836200e-07
-2.850036217836212e-07
6.758095703046889e-07
-1.200478952342876e-21
8.701843374906222e-07
-8.701843374906222e-07
3.919507479436709e-07
3.919507479436709e-07
-2.502021048471504e-07
-2.502021048471542e-07
0.000000000000000e+00
-3.175172837623644e-08
2.280314846998051e-07
-2.280314846998051e-07
7.700576738550558e-07
2.735794431370160e-21
9.472944786420831e-07
-9.472944786420831e-07
4.364360038682943e-07
4.364360038682880e-07
-3.369783073524018e-07
-3.369783073524031e-07
0.000000000000000e+00
-1.648897899998259e-07
1.738801674213937e-07
-1.738801674213937e-07
9.089738865374674e-07
-3.229323960374109e-21
1.001788949550868e-06
-1.001788949550864e-06
4.582315629595740e-07
4.582315629595728e-07
-4.180678289312230e-07
-4.180678289312247e-07
0.000000000000000e+00
-3.413001883291255e-07
1.254895576600708e-07
-1.254895576600708e-07
1.100705290000559e-06
1.955245370056532e-21
1.029355554985762e-06
-1.029355554985763e-06
4.519729364065429e-07
4.519729364065429e-07
-4.923597671747183e-07
-4.923597671747200e-07
0.000000000000000e+00
-5.686028734596235e-07
8.502285140450145e-08
-8.502285140450145e-08
1.351603093836503e-06
2.400929399891010e-21
1.025469086458099e-06
-1.025469086458093e-06
4.132234953973160e-07
4.132234953973151e-07
-5.587330960509245e-07
-5.587330960509262e-07
5.351249500985661e-08
-5.351249500985746e-08
1.665749544962752e-06
-2.958965596922440e-21
-9.717839814040819e-08
9.717839814040851e-08
2.138145773408207e-07
2.138145773408207e-07
1.953733796573046e-07
1.953733796573046e-07
0.000000000000000e+00
-1.238388639695997e-06
-1.156195958239242e-07
1.156195958239242e-07
-7.446215350941464e-08
0.000000000000000e+00
-1.369854253091834e-07
1.369854253091830e-07
3.261887160526525e-08
3.261887160526525e-08
2.377109412416010e-07
2.377109412416010e-07
0.000000000000000e+00
-8.026246719778521e-07
6.810664432715228e-08
-6.810664432715228e-08
1.482606261118524e-07
0.000000000000000e+00
-1.283965742870609e-07
1.283965742870616e-07
-7.781287452292937e-08
-7.781287452292895e-08
2.552659371925762e-07
2.552659371925762e-07
0.000000000000000e+00
-4.814590665350406e-07
2.046822374284447e-07
-2.046822374284447e-07
2.996081653732154e-07
0.000000000000000e+00
-8.357045212042235e-08
8.357045212042235e-08
-1.335103185702692e-07
-1.335103185702698e-07
2.499776201548855e-07
2.499776201548866e-07
0.000000000000000e+00
-2.508537344470480e-07
2.999174866047330e-07
-2.999174866047330e-07
3.913624034787975e-07
0.000000000000000e+00
-1.153971316573573e-08
1.153971316573573e-08
-1.469751438992051e-07
-1.469751438992038e-07
2.249116598415075e-07
2.249116598415075e-07
0.000000000000000e+00
-8.942680682665374e-08
3.603470905749777e-07
-3.603470905749762e-07
4.354250901702192e-07
0.000000000000000e+00
8.091628378608917e-08
-8.091628378608917e-08
-1.280836144618766e-07
-1.280836144618766e-07
1.835320245811795e-07
1.835320245811808e-07
0.000000000000000e+00
1.930731990807855e-08
3.925319228291483e-07
-3.925319228291466e-07
4.438162952677609e-07
0.000000000000000e+00
1.882112697230255e-07
-1.882112697230255e-07
-8.517985073021144e-08
-8.517985073021060e-08
1.290409085573309e-07
1.290409085573304e-07
0.000000000000000e+00
8.693620990744622e-08
4.024320290105678e-07
-4.024320290105665e-07
4.286774221520359e-07
0.000000000000000e+00
3.052253036085064e-07
-3.052253036085051e-07
-2.584495795913877e-08
-2.584495795913877e-08
6.403406230164097e-08
6.403406230164097e-08
0.000000000000000e+00
1.210373063367809e-07
3.951043238692819e-07
-3.951043238692849e-07
4.022755101880090e-07
0.000000000000000e+00
4.269567704488211e-07
-4.269567704488186e-07
4.270648872620905e-08
4.270648872620905e-08
-9.585160844941028e-09
-9.585160844941028e-09
0.000000000000000e+00
1.261057413332159e-07
3.746651208776685e-07
-3.746651208776698e-07
3.769961495553074e-07
0.000000000000000e+00
5.484223420322462e-07
-5.484223420322462e-07
1.134720537016211e-07
1.134720537016207e-07
-9.057166324341932e-08
-9.057166324341932e-08
0.000000000000000e+00
1.042570606113304e-07
3.443786250872058e-07
-3.443786250872058e-07
3.653071348762890e-07
0.000000000000000e+00
6.646775076146537e-07
-6.646775076146537e-07
1.796297342884643e-07
1.796297342884643e-07
-1.782759768275501e-07
-1.782759768275492e-07
0.000000000000000e+00
5.570421814553382e-08
3.067717964986372e-07
-3.067717964986372e-07
3.796756142952941e-07
0.000000000000000e+00
7.708776847902216e-07
-7.708776847902242e-07
2.345634659180772e-07
2.345634659180776e-07
-2.725887368188288e-07
-2.725887368188314e-07
0.000000000000000e+00
-2.093610696839285e-08
2.637254820533186e-07
-2.637254820533186e-07
4.324161020482492e-07
0.000000000000000e+00
8.623287746688432e-07
-8.623287746688483e-07
2.719294954765584e-07
2.719294954765558e-07
-3.738857037665990e-07
-3.738857037665998e-07
0.000000000000000e+00
-1.284367137814599e-07
2.165135754256910e-07
-2.165135754256893e-07
5.354412404814430e-07
0.000000000000000e+00
9.344718068881900e-07
-9.344718068881900e-07
2.857686698156424e-07
2.857686698156432e-07
-4.829339547279200e-07
-4.829339547279200e-07
0.000000000000000e+00
-2.708071995781029e-07
1.657691823446276e-07
-1.657691823446276e-07
6.999358170255572e-07
0.000000000000000e+00
9.827537066190326e-07
-9.827537066190300e-07
2.706857302589824e-07
2.706857302589824e-07
-6.007030963441099e-07
-6.007030963441099e-07
0.000000000000000e+00
-4.531716545535717e-07
1.113648800159411e-07
-1.113648800159411e-07
9.360382466616963e-07
0.000000000000000e+00
1.002356892850739e-06
-1.002356892850733e-06
2.220926094183078e-07
2.220926094183078e-07
-7.280407954340692e-07
-7.280407954340708e-07
5.222348799835991e-08
-5.222348799835991e-08
1.252697712401052e-06
0.000000000000000e+00
-1.087768860926871e-08
1.087768860926871e-08
1.838871010607195e-07
1.838871010607195e-07
1.448381546430730e-07
1.448381546430730e-07
0.000000000000000e+00
-1.231981798878595e-06
-4.992663502691521e-08
4.992663502691521e-08
-2.330436592239646e-07
0.000000000000000e+00
-9.231222195580396e-08
9.231222195580396e-08
1.824236501550402e-09
1.824236501550402e-09
1.563501968760541e-07
1.563501968760541e-07
0.000000000000000e+00
-8.425051265591601e-07
6.221373841869969e-08
-6.221373841869969e-08
2.172130701943945e-08
0.000000000000000e+00
-1.221018604333309e-07
1.221018604333309e-07
-1.150170604826760e-07
-1.150170604826760e-07
1.566611955499222e-07
1.566611955499222e-07
0.000000000000000e+00
-5.469628423147681e-07
1.495763955992674e-07
-1.495763955992674e-07
1.906073448276027e-07
0.000000000000000e+00
-1.107413602817123e-07
1.107413602817127e-07
-1.798786410084149e-07
-1.798786410084149e-07
1.463740272004689e-07
1.463740272004697e-07
0.000000000000000e+00
-3.291153279178383e-07
2.155113079271719e-07
-2.155113079271719e-07
2.872410887419801e-07
0.000000000000000e+00
-6.694128584751395e-08
6.694128584751395e-08
-2.040113773121183e-07
-2.040113773121174e-07
1.263315752155583e-07
1.263315752155583e-07
0.000000000000000e+00
-1.730646524846199e-07
2.634016666801626e-07
-2.634016666801617e-07
3.253082327598498e-07
0.000000000000000e+00
2.143624648119338e-09
-2.143624648119338e-09
-1.969382285549416e-07
-1.969382285549412e-07
9.730234007020243e-08
9.730234007020328e-08
0.000000000000000e+00
-6.519300834606619e-08
2.963841932732647e-07
-2.963841932732638e-07
3.185505709507359e-07
0.000000000000000e+00
9.046720007729371e-08
-9.046720007729329e-08
-1.669367790963307e-07
-1.669367790963303e-07
5.966644149155372e-08
5.966644149155372e-08
0.000000000000000e+00
5.108535992560305e-09
3.170704206651781e-07
-3.170704206651773e-07
2.807645824993848e-07
0.000000000000000e+00
1.926894102902814e-07
-1.926894102902809e-07
-1.214814222952056e-07
-1.214814222952064e-07
1.322093660461748e-08
1.322093660461706e-08
0.000000000000000e+00
4.551311246367510e-08
3.273917691901023e-07
-3.273917691901044e-07
2.258020733504182e-07
0.000000000000000e+00
3.039174289910589e-07
-3.039174289910581e-07
-6.753987103284337e-08
-6.753987103284380e-08
-4.288508523608338e-08
-4.288508523608338e-08
0.000000000000000e+00
6.116938831972769e-08
3.285722147878172e-07
-3.285722147878185e-07
1.675638084512846e-07
0.000000000000000e+00
4.195801763142588e-07
-4.195801763142588e-07
-1.173367309483539e-08
-1.173367309483539e-08
-1.101378643722330e-07
-1.101378643722339e-07
0.000000000000000e+00
5.516895548826373e-08
3.211759850368612e-07
-3.211759850368612e-07
1.199803087596630e-07
2.131278420585812e-22
5.353826712874147e-07
-5.353826712874130e-07
3.959652942423308e-08
3.959652942423308e-08
-1.906107395003792e-07
-1.906107395003784e-07
0.000000000000000e+00
2.895024382266814e-08
3.051754023628016e-07
-3.051754023628024e-07
9.696602500544556e-08
-1.722462617078789e-22
6.472893535347518e-07
-6.472893535347568e-07
8.038795569150048e-08
8.038795569150048e-08
-2.869019068752888e-07
-2.869019068752913e-07
0.000000000000000e+00
-1.738726791740414e-08
2.799994909679650e-07
-2.799994909679650e-07
1.123440193578226e-07
0.000000000000000e+00
7.514986101142404e-07
-7.514986101142429e-07
1.049000525481457e-07
1.049000525481449e-07
-4.020550332452056e-07
-4.020550332452056e-07
0.000000000000000e+00
-8.484823738105893e-08
2.445435243208924e-07
-2.445435243208907e-07
1.797306151045755e-07
-3.192657073906266e-22
8.443688264530289e-07
-8.443688264530289e-07
1.078021975307579e-07
1.078021975307579e-07
-5.394378259428770e-07
-5.394378259428770e-07
0.000000000000000e+00
-1.753664019123007e-07
1.971288029793940e-07
-1.971288029793931e-07
3.123940483406794e-07
5.549233043578983e-22
9.222752874847649e-07
-9.222752874847691e-07
8.429837805819712e-08
8.429837805819797e-08
-7.025601215277595e-07
-7.025601215277578e-07
0.000000000000000e+00
-2.916712468905105e-07
1.354167878988083e-07
-1.354167878988083e-07
5.231360679684651e-07
0.000000000000000e+00
9.813963576629361e-07
-9.813963576629344e-07
3.026876644108726e-08
3.026876644108726e-08
-8.948247140358447e-07
-8.948247140358430e-07
5.630287718600415e-08
-5.630287718600415e-08
8.242548820514381e-07
0.000000000000000e+00
8.505640149095021e-08
-8.505640149095053e-08
1.440752356208780e-07
1.440752356208784e-07
8.045495770924556e-08
8.045495770924524e-08
0.000000000000000e+00
-1.117846577815349e-06
2.143612357931779e-08
-2.143612357931757e-08
-3.757698818279486e-07
0.000000000000000e+00
-2.480411953307698e-08
2.480411953307698e-08
-1.676927593800156e-08
-1.676927593800156e-08
6.513345301125551e-08
6.513345301125530e-08
0.000000000000000e+00
-7.980391986845643e-07
5.709860941618009e-08
-5.709860941617988e-08
-1.113795156901072e-07
0.000000000000000e+00
-8.545781765419070e-08
8.545781765419112e-08
-1.247063010976698e-07
-1.247063010976705e-07
5.083423507670666e-08
5.083423507670666e-08
0.000000000000000e+00
-5.527289465295222e-07
9.008271852018579e-08
-9.008271852018557e-08
6.113506807416608e-08
0.000000000000000e+00
-1.053221807614844e-07
1.053221807614852e-07
-1.897417498812524e-07
-1.897417498812533e-07
3.705520550554236e-08
3.705520550554236e-08
0.000000000000000e+00
-3.702123114823901e-07
1.214747746253100e-07
-1.214747746253096e-07
1.559332523695668e-07
0.000000000000000e+00
-9.177862937255050e-08
9.177862937255050e-08
-2.208349004678358e-07
-2.208349004678358e-07
2.286386844663797e-08
2.286386844663797e-08
0.000000000000000e+00
-2.381322585733424e-07
1.519201395419233e-07
-1.519201395419224e-07
1.871691955531352e-07
0.000000000000000e+00
-5.115622521659306e-08
5.115622521659390e-08
-2.259186134813386e-07
-2.259186134813386e-07
6.752241722970527e-09
6.752241722970950e-09
0.000000000000000e+00
-1.451409999308111e-07
1.815146299877157e-07
-1.815146299877148e-07
1.689867963435375e-07
0.000000000000000e+00
1.114679950801968e-08
-1.114679950801968e-08
-2.120573157935194e-07
-2.120573157935194e-07
-1.345543791885836e-08
-1.345543791885751e-08
0.000000000000000e+00
-8.180003329636351e-08
2.097486773826808e-07
-2.097486773826799e-07
1.155182899800397e-07
0.000000000000000e+00
9.050578443016106e-08
-9.050578443016106e-08
-1.856429889715854e-07
-1.856429889715871e-07
-4.063450003649175e-08
-4.063450003649175e-08
0.000000000000000e+00
-4.081575066117979e-08
2.355142733652539e-07
-2.355142733652547e-07
4.088552683994001e-08
0.000000000000000e+00
1.829347069475346e-07
-1.829347069475346e-07
-1.525619297410457e-07
-1.525619297410474e-07
-7.834039035315634e-08
-7.834039035315634e-08
0.000000000000000e+00
-1.687635263840744e-08
2.571562463354231e-07
-2.571562463354231e-07
-4.079648004126367e-08
0.000000000000000e+00
2.849944875985497e-07
-2.849944875985497e-07
-1.183117430005321e-07
-1.183117430005329e-07
-1.307676727583225e-07
-1.307676727583216e-07
0.000000000000000e+00
-6.322260202687479e-09
2.725385578407593e-07
-2.725385578407585e-07
-1.154125199617203e-07
0.000000000000000e+00
3.937317542616967e-07
-3.937317542616967e-07
-8.806602941390049e-08
-8.806602941390049e-08
-2.026975272255071e-07
-2.026975272255054e-07
0.000000000000000e+00
-6.798155411933998e-09
2.791002564500893e-07
-2.791002564500884e-07
-1.688436299915187e-07
0.000000000000000e+00
5.066240544999889e-07
-5.066240544999940e-07
-6.669327376553587e-08
-6.669327376553587e-08
-2.994352217383745e-07
-2.994352217383762e-07
0.000000000000000e+00
-1.695149663694784e-08
2.738821065271511e-07
-2.738821065271502e-07
-1.869585718833086e-07
0.000000000000000e+00
6.215142798204689e-07
-6.215142798204748e-07
-5.873256020979430e-08
-5.873256020979515e-08
-4.267303909763859e-07
-4.267303909763859e-07
0.000000000000000e+00
-3.619148025176379e-08
2.535164490538790e-07
-2.535164490538764e-07
-1.556072785279685e-07
0.000000000000000e+00
7.365065758465521e-07
-7.365065758465547e-07
-6.832965158683028e-08
-6.832965158683028e-08
-5.906570274873169e-07
-5.906570274873143e-07
0.000000000000000e+00
-6.450664616445287e-08
2.141791999460655e-07
-2.141791999460647e-07
-6.061769099858610e-08
0.000000000000000e+00
8.498131210378653e-07
-8.498131210378687e-07
-9.914892568294991e-08
-9.914892568294991e-08
-7.974471094796865e-07
-7.974471094796839e-07
0.000000000000000e+00
-1.023282883264888e-07
1.515149372411296e-07
-1.515149372411296e-07
1.122095338421118e-07
0.000000000000000e+00
9.595600092175098e-07
-9.595600092175115e-07
-1.542807639993965e-07
-1.542807639993982e-07
-1.053281033416583e-06
-1.053281033416578e-06
6.055973980032296e-08
-6.055973980032126e-08
3.770978730441689e-07
0.000000000000000e+00
