1520
-6.43201667052671e-07
-2.79799465229075e-07
-1.42820053413675e-07
-1.21878327728468e-07
-1.10999631968759e-06
-6.00558530966153e-07
-1.11635110881558e-06
-7.21987243314226e-07
-5.56514479669630e-07
-1.71664904715380e-07
-1.03307475503884e-06
-3.92516730547825e-07
-1.14842512805712e-06
-1.20288405986966e-07
-8.16209775902755e-07
-5.65287019971080e-07
-2.26953710969865e-06
-7.23692545383072e-07
-1.86395384273694e-06
-5.64532731277813e-07
-1.89599659755294e-06
-6.09590456633263e-07
-2.52446050099779e-06
-6.86112617789886e-07
-1.45337791860427e-06
6.03861980746389e-09
-1.23910934027847e-06
-5.19421882086994e-07
-3.05255945374268e-06
-5.83671181310045e-07
-2.35979245634218e-06
-3.86646710191984e-07
-2.79874381275408e-06
-4.58438487087139e-07
-3.59218692011942e-06
-5.60076621319519e-07
-1.65571282032135e-06
8.58335604496247e-08
-1.51404137395559e-06
-4.46626020701816e-07
-3.60435021665440e-06
-4.49086503777078e-07
-2.70600203314072e-06
-2.63325620681160e-07
-3.41919106268033e-06
-2.99060883324190e-07
-4.36408144908272e-06
-4.10322687497528e-07
-1.79403876192332e-06
1.20102838704096e-07
-1.70109686169152e-06
-3.92308049426188e-07
-4.00575028474204e-06
-3.76557519502992e-07
-2.95582997493464e-06
-2.06580386766146e-07
-3.86284825924576e-06
-2.09670992222543e-07
-4.94204857567206e-06
-3.32642938048959e-07
-1.89181266163802e-06
1.11504284064181e-07
-1.83107975429679e-06
-3.65825332448569e-07
-4.30962625209148e-06
-3.83189825738402e-07
-3.14428691813093e-06
-2.18934703984834e-07
-4.19245101648440e-06
-2.08288635871082e-07
-5.39527548958822e-06
-3.57148721052139e-07
-1.96572115978175e-06
6.12634341000559e-08
-1.92419684155968e-06
-3.70515699419587e-07
-4.55406471001302e-06
-4.78717402326799e-07
-3.29690688150764e-06
-3.03378816772532e-07
-4.45151192722712e-06
-3.01500828853076e-07
-5.77308590689085e-06
-4.98891305133042e-07
-2.02854235851354e-06
-3.16371688573855e-08
-1.99533102966536e-06
-4.09577985477239e-07
-4.76813640263616e-06
-6.74455866097904e-07
-3.43338313798112e-06
-4.65979634745417e-07
-4.67251067252423e-06
-4.96277546104982e-07
-6.11216264035989e-06
-7.72774153763232e-07
-2.09042627484320e-06
-1.70542119590564e-07
-2.05619598229611e-06
-4.87707031255079e-07
-4.97477546484318e-06
-9.86121368631597e-07
-3.56934126943125e-06
-7.16436579699092e-07
-4.88065786310474e-06
-8.03661366821380e-07
-6.44045709256860e-06
-1.19862649913728e-06
-2.15949744861325e-06
-3.60755372209054e-07
-2.11637327739794e-06
-6.11501420698645e-07
-5.19222671317507e-06
-1.43421592545764e-06
-3.71717714152567e-06
-1.06754640345980e-06
-5.09579006343330e-06
-1.23966933309104e-06
-6.77927041344751e-06
-1.80252441072923e-06
-2.24203765106384e-06
-6.08427923532745e-07
-2.18379998726500e-06
-7.89217220014279e-07
-5.43453299242890e-06
-2.04233291123889e-06
-3.88622594613736e-06
-1.53312204888685e-06
-5.33318437414009e-06
-1.82434946246565e-06
-7.14408982024131e-06
-2.61543571160656e-06
-2.34226724185361e-06
-9.17563123053250e-07
-2.26487014922630e-06
-1.02962457683747e-06
-5.71107483153972e-06
-2.83150468211326e-06
-4.08220488497345e-06
-2.12216638648180e-06
-5.60346292255269e-06
-2.57792054348402e-06
-7.54423765142479e-06
-3.66752654224773e-06
-2.46153397694928e-06
-1.28138569873524e-06
-2.36412135948933e-06
-1.33871267272686e-06
-6.02473519868266e-06
-3.80382137942613e-06
-4.30549546836497e-06
-2.82188037585417e-06
-5.91135601084130e-06
-3.50968810839460e-06
-7.98090700367449e-06
-4.97170105171397e-06
-2.59626817973401e-06
-1.65287257997998e-06
-2.48324838193975e-06
-1.70989245213934e-06
-6.36732781714593e-06
-4.88978327776400e-06
-4.54689094843101e-06
-3.53918201117392e-06
-6.25246426577131e-06
-4.58501243395812e-06
-8.44222748616349e-06
-6.47443591323259e-06
-2.73236104303608e-06
-1.80098331412759e-06
-2.61858486992690e-06
-2.08896492679835e-06
-6.70758967884090e-06
-5.72295967069680e-06
-4.77568049797104e-06
-3.81242388979584e-06
-6.60538284543789e-06
-5.60844448349485e-06
-8.89111907169801e-06
-7.88268781635410e-06
-2.81922848330621e-06
1.53744523039769e-07
-2.75339962956903e-06
-2.17980387625814e-06
-6.94314157924147e-06
-3.78268825528481e-06
-6.90937162218562e-06
-5.63305976341845e-06
-9.22780011514897e-06
-7.82785103226568e-06
-1.56109502396185e-06
-5.33781318233898e-07
-6.07718123995062e-07
-2.64062227149082e-07
-1.72186313679530e-06
-5.22273395785085e-07
-2.15571344984387e-06
-6.72119377820478e-07
-6.40192144015235e-07
-1.91683682049163e-07
-1.27399106647010e-06
-3.03656360693134e-07
-3.25339864761259e-06
-6.23570249327229e-07
-2.49358549095421e-06
-7.87597237502685e-07
-3.68886550045734e-06
-6.92992138240949e-07
-3.85309270470579e-06
-6.95661525850415e-07
-2.84630994424604e-06
-5.45714251757344e-07
-3.40067115060780e-06
-5.03425703222774e-07
-4.47571642350333e-06
-4.37554219697822e-07
-3.90938832090308e-06
-7.60642523263837e-07
-5.17738552681439e-06
-5.96220367453943e-07
-5.10623200643760e-06
-5.31455587324791e-07
-4.56071840923646e-06
-4.80791116938504e-07
-5.08117664263411e-06
-4.31705870239198e-07
-5.36266141373565e-06
-2.75060756093020e-07
-4.94005199018297e-06
-6.18082606142802e-07
-6.28192788427396e-06
-4.82308467633085e-07
-6.03074491624852e-06
-4.08219051461524e-07
-5.83177387795931e-06
-3.29133722368608e-07
-6.36031746050139e-06
-3.23777184045112e-07
-6.02678494989536e-06
-2.16554436925379e-07
-5.70235796843985e-06
-5.27788761330544e-07
-7.11190401047636e-06
-4.64885549546281e-07
-6.73019510300096e-06
-4.03509207697739e-07
-6.77603244694545e-06
-2.60408145610179e-07
-7.33722211862079e-06
-3.12463923422510e-07
-6.54723157770943e-06
-2.90736084566273e-07
-6.28610798297125e-06
-5.46380361896081e-07
-7.75681787849148e-06
-5.95723004746355e-07
-7.28310199774916e-06
-5.50929289954963e-07
-7.49598346437048e-06
-3.39555445450549e-07
-8.10506200611707e-06
-4.61131134481327e-07
-6.98160923955295e-06
-5.15654375846961e-07
-6.75692032614225e-06
-6.99692600949589e-07
-8.28667185890325e-06
-9.09023569851121e-07
-7.74910900470722e-06
-8.75144853249371e-07
-8.07143830527114e-06
-6.00010831075295e-07
-8.73982210763239e-06
-8.09992575539081e-07
-7.37320976382704e-06
-9.11856426027731e-07
-7.16392075780775e-06
-1.00850683558324e-06
-8.75617102624889e-06
-1.43958313948898e-06
-8.17412496020689e-06
-1.40445743797989e-06
-8.56423415608482e-06
-1.07082145745062e-06
-9.30153489880328e-06
-1.39780130692591e-06
-7.75502614306029e-06
-1.50699616473103e-06
-7.54466438581557e-06
-1.49772713879301e-06
-9.20801303369518e-06
-2.23026146198866e-06
-8.59352063075270e-06
-2.17542506725540e-06
-9.02245474858153e-06
-1.78731645459931e-06
-9.83695114776736e-06
-2.27153711570735e-06
-8.15182949505339e-06
-2.33670028335180e-06
-7.92794914829671e-06
-2.19951219146752e-06
-9.67478112576573e-06
-3.33435637951710e-06
-9.03372866597877e-06
-3.23348904073551e-06
-9.48309418134448e-06
-2.79516311820892e-06
-1.03814563251356e-05
-3.49030466072564e-06
-8.58077322091476e-06
-3.44210418122255e-06
-8.33510530490235e-06
-3.15295632152965e-06
-1.01793437284234e-05
-4.81384045481040e-06
-9.51233128964028e-06
-4.62948875436445e-06
-9.97319880989778e-06
-4.15047068518335e-06
-1.09596713873260e-05
-5.12516816098507e-06
-9.05042832562762e-06
-4.86125772346741e-06
-8.77986853407443e-06
-4.39942321699084e-06
-1.07333809192468e-05
-6.73086136312988e-06
-1.00362589525670e-05
-6.40813091556602e-06
-1.05093397496945e-05
-5.91507045436643e-06
-1.15842583291774e-05
-7.25350169099486e-06
-9.55751316351675e-06
-6.60504457530465e-06
-9.26642874553099e-06
-5.96825012384164e-06
-1.13330263944240e-05
-9.12352384909003e-06
-1.05969569599497e-05
-8.57596093782410e-06
-1.10947978012539e-05
-8.14198906392355e-06
-1.22520209263238e-05
-9.94213854044290e-06
-1.00792353711220e-05
-8.58760799223870e-06
-9.78435467985858e-06
-7.83533994459939e-06
-1.19491276824684e-05
-1.19395534173427e-05
-1.11595211244649e-05
-1.10099690946946e-05
-1.17129335867007e-05
-1.08371831278022e-05
-1.29353257588779e-05
-1.32049645792790e-05
-1.05551642894526e-05
-1.04099826184406e-05
-1.02966089392507e-05
-9.78936450960159e-06
-1.25056505818780e-05
-1.48582198967805e-05
-1.16373615876096e-05
-1.31918504685912e-05
-1.23131124827765e-05
-1.38638638424323e-05
-1.35644760364292e-05
-1.69107695702283e-05
-1.08433299473050e-05
-1.09984761287632e-05
-1.07071517586828e-05
-1.08971799847291e-05
-1.28365320687702e-05
-1.73297242421572e-05
-1.27814796909470e-05
-1.68097703036359e-05
-1.39950952313015e-05
-2.07976726862684e-05
-1.75901786849158e-06
-2.94090511187994e-07
-7.20320742435767e-07
-2.06577920151053e-07
-1.81922790343415e-06
-1.95433748051159e-07
-2.37798922335768e-06
-2.19636931280352e-07
-6.13043155137875e-07
-8.66223761677903e-08
-1.23580499559345e-06
-7.20817299624633e-08
-3.88250106757922e-06
-3.57797401829931e-07
-2.98247972485301e-06
-4.17199023897346e-07
-3.95400897453249e-06
-2.00170077984071e-07
-4.39361233915045e-06
-2.37837553789591e-07
-2.95123131518504e-06
-8.10978172752125e-08
-3.39830955845795e-06
1.95778642709511e-08
-5.56536442556196e-06
-2.53308826163230e-07
-4.83841748689043e-06
-3.96503035779494e-07
-5.67874757144628e-06
-1.42934347713325e-07
-5.98909164200940e-06
-1.69806765780153e-07
-4.89952176808709e-06
-2.42564659949796e-09
-5.20082392424148e-06
1.02656890498307e-07
-6.85454194856493e-06
-1.67338023453843e-07
-6.28142979644022e-06
-3.16328466354351e-07
-7.01705753899331e-06
-1.28887878298647e-07
-7.21717866739206e-06
-1.60278213074773e-07
-6.43082471532976e-06
6.65635234793938e-08
-6.63197786973862e-06
1.22547959218629e-07
-7.84648322109067e-06
-2.08941372530456e-07
-7.38955729324339e-06
-3.15620543382188e-07
-8.04723644488634e-06
-2.49194696811478e-07
-8.16694631000099e-06
-3.00694153378367e-07
-7.60755780678667e-06
1.94994066085532e-08
-7.74959979428811e-06
-1.13475685558536e-10
-8.63334858674253e-06
-4.36831895843629e-07
-8.25516887013993e-06
-4.72414158813311e-07
-8.85616207412384e-06
-5.68472374483007e-07
-8.92481288557200e-06
-6.48651946953241e-07
-8.51889670997283e-06
-2.16815326363490e-07
-8.63359392872398e-06
-3.29822778810147e-07
-9.29132853327869e-06
-8.94922879578408e-07
-8.95983778589768e-06
-8.36012999133051e-07
-9.52184713199366e-06
-1.14192671483093e-06
-9.56402746444219e-06
-1.25349476733814e-06
-9.24990308555149e-06
-6.96071149926788e-07
-9.36142138833350e-06
-9.23402627382982e-07
-9.88089178160890e-06
-1.63011885697782e-06
-9.57007563934132e-06
-1.45068179869359e-06
-1.01092618104011e-05
-2.02985056279779e-06
-1.01436933533524e-05
-2.17081814974433e-06
-9.87285875970872e-06
-1.47128742150712e-06
-9.99974657364839e-06
-1.84306198769547e-06
-1.04488284890647e-05
-2.70069382422404e-06
-1.01384124608259e-05
-2.36787676980804e-06
-1.06702064654556e-05
-3.30630069712766e-06
-1.07097959994413e-05
-3.46986500540807e-06
-1.04462073750523e-05
-2.60635142784806e-06
-1.06025447033437e-05
-3.16566738961775e-06
-1.10297011859382e-05
-4.17970401397223e-06
-1.07049905692758e-05
-3.65199520931834e-06
-1.12437295335016e-05
-5.06363327857545e-06
-1.12958837440863e-05
-5.23660686977042e-06
-1.10151586893828e-05
-4.18234786999032e-06
-1.12109374642596e-05
-4.98844468634502e-06
-1.16459289607177e-05
-6.15446548726507e-06
-1.12982560580008e-05
-5.38189607611672e-06
-1.18556112842798e-05
-7.41358563172709e-06
-1.19223881874275e-05
-7.57289381499734e-06
-1.16118482794201e-05
-6.30038394998666e-06
-1.18526742978909e-05
-7.43189474935466e-06
-1.23058456451123e-05
-8.72039690892259e-06
-1.19340193097840e-05
-7.64767802160876e-06
-1.25158990897047e-05
-1.04838474725496e-05
-1.25936966947414e-05
-1.05896643934454e-05
-1.22539932737911e-05
-9.08092195517230e-06
-1.25400490467890e-05
-1.06397402287934e-05
-1.29986444960301e-05
-1.19641505029194e-05
-1.26119853877488e-05
-1.05388907201388e-05
-1.32132789828256e-05
-1.44073869790435e-05
-1.32916456466379e-05
-1.43896251464253e-05
-1.29410566518955e-05
-1.26580796768337e-05
-1.32651267528824e-05
-1.47750873363185e-05
-1.36841709387748e-05
-1.59281463778720e-05
-1.33080959043594e-05
-1.41149753599160e-05
-1.39044792576008e-05
-1.93045296248160e-05
-1.39632282353857e-05
-1.90376631996931e-05
-1.36465632813552e-05
-1.71675514487557e-05
-1.39909030259122e-05
-2.00151211217596e-05
-1.42743332286991e-05
-2.05744458223179e-05
-1.39594415206707e-05
-1.83465487336751e-05
-1.44970220920224e-05
-2.52994248287482e-05
-1.45003883731586e-05
-2.45793299364425e-05
-1.43048211613713e-05
-2.27405259630799e-05
-1.46372709847797e-05
-2.65704230493714e-05
-1.46058347183493e-05
-2.59145243539541e-05
-1.44381157432675e-05
-2.31366718358270e-05
-1.48294625829536e-05
-3.27007807444991e-05
-1.47920825004087e-05
-2.95760750097454e-05
-1.50643776306844e-05
-3.48075313826599e-05
-1.62306666753865e-06
7.60389592444706e-08
-6.94593888712157e-07
-8.23097687782719e-08
-1.60692482394389e-06
1.90965165438918e-07
-2.15423144776005e-06
3.14627822574549e-07
-5.01748651188668e-07
4.98759326996122e-08
-1.01699142149246e-06
1.89682361617615e-07
-3.66497905771327e-06
2.17230420595750e-07
-2.83007411434367e-06
1.42348964434392e-07
-3.49668439619964e-06
4.53599578505495e-07
-4.03419106344962e-06
4.48366797548051e-07
-2.55686016805276e-06
4.85633737111676e-07
-2.84227118615897e-06
6.33601650287054e-07
-5.36405061971959e-06
2.96661903699433e-07
-4.65804446998734e-06
2.59325766377502e-07
-5.06999744537175e-06
5.38261332110993e-07
-5.57964472373750e-06
4.71625723592680e-07
-4.31705630311581e-06
6.78334538918544e-07
-4.39604102835148e-06
8.02435062035940e-07
-6.71761186592257e-06
2.72013154471607e-07
-6.13986271450638e-06
2.80503114032606e-07
-6.32269396250675e-06
4.60367034425474e-07
-6.80395014934580e-06
3.52837746803473e-07
-5.74466809768870e-06
6.95629250907380e-07
-5.65559930766762e-06
7.61810630114966e-07
-7.78236664754163e-06
7.67215918693330e-08
-7.31005636305841e-06
1.52519837958903e-07
-7.30053894448992e-06
1.84152213898628e-07
-7.76516494231775e-06
3.61493097630377e-08
-6.86543828861728e-06
5.19009076080981e-07
-6.64990555504035e-06
5.01906949932219e-07
-8.63411884605238e-06
-3.50255358408100e-07
-8.23692313756107e-06
-1.83748008538120e-07
-8.07067601167728e-06
-3.42802546258216e-07
-8.53531461140106e-06
-5.37291766648253e-07
-7.74083103543195e-06
1.02987884667859e-07
-7.43607307310101e-06
-1.81904585928928e-08
-9.34611689816038e-06
-1.07011350318936e-06
-8.99437430773728e-06
-7.85499148415957e-07
-8.70217729869138e-06
-1.18481328939414e-06
-9.18342302507110e-06
-1.43332630980144e-06
-8.44208918919148e-06
-6.08828752270488e-07
-8.07867568048150e-06
-8.57757496950663e-07
-9.98114989566933e-06
-2.15481698236503e-06
-9.64922551968503e-06
-1.71629298487605e-06
-9.25676630806862e-06
-2.42322322939683e-06
-9.76870217574784e-06
-2.73314236228428e-06
-9.03617241147126e-06
-1.68670079055577e-06
-8.63810495124158e-06
-2.09603615950000e-06
-1.05894220400416e-05
-3.69519088429469e-06
-1.02569059474990e-05
-3.05482656006110e-06
-9.78518217358690e-06
-4.16285723700280e-06
-1.03382969041752e-05
-4.54035931396847e-06
-9.57998654496945e-06
-3.22158616315713e-06
-9.16536230241194e-06
-3.83771079932162e-06
-1.12079986703977e-05
-5.80643275833517e-06
-1.08603020090002e-05
-4.90136487858247e-06
-1.03256386251243e-05
-6.53786255529169e-06
-1.09262620312023e-05
-6.98644911846298e-06
-1.01182814517574e-05
-5.33160042877787e-06
-9.69981237866722e-06
-6.21898952249606e-06
-1.18598132020679e-05
-8.63162829294997e-06
-1.14890130142923e-05
-7.38198115853180e-06
-1.09022626909777e-05
-9.71693534553591e-06
-1.15519499766029e-05
-1.02348714374743e-05
-1.06823978105485e-05
-8.16775213228235e-06
-1.02675432786124e-05
-9.41391603004987e-06
-1.25510138718827e-05
-1.23434778182223e-05
-1.21575028099128e-05
-1.06507136641623e-05
-1.15221557462941e-05
-1.39085470753448e-05
-1.22165991515464e-05
-1.44845040411737e-05
-1.12882211801055e-05
-1.19194547807754e-05
-1.08788265285873e-05
-1.36415778945361e-05
-1.32655845655703e-05
-1.71452823131129e-05
-1.28609874030041e-05
-1.48896003305852e-05
-1.21700646051236e-05
-1.93686906433024e-05
-1.28971129484150e-05
-1.99752678075603e-05
-1.19322395063348e-05
-1.68212296510382e-05
-1.15236567999721e-05
-1.91764928127541e-05
-1.39562680271895e-05
-2.32789794673193e-05
-1.35678904838369e-05
-2.03094239351191e-05
-1.28000898722856e-05
-2.64212523073903e-05
-1.35364553495279e-05
-2.70093568486340e-05
-1.25849120501564e-05
-2.31657399450086e-05
-1.21648213608428e-05
-2.63693889281249e-05
-1.45318728689160e-05
-3.10706035131819e-05
-1.42081022391663e-05
-2.71711379185084e-05
-1.33254328703278e-05
-3.55171543396674e-05
-1.40320376134477e-05
-3.60235143264645e-05
-1.31813612960401e-05
-3.13388952337805e-05
-1.27291504360867e-05
-3.56955059752843e-05
-1.48450020351937e-05
-4.10690127620992e-05
-1.46591619981185e-05
-3.58842570524479e-05
-1.36106912428039e-05
-4.73607484146396e-05
-1.36116825548146e-05
-4.19059052065146e-05
-1.31001590765614e-05
-4.78510220852329e-05
-1.26386772968690e-06
4.60360887445173e-07
-5.74819215845078e-07
5.75274715689942e-08
-1.18040351464090e-06
5.65667523904270e-07
-1.63087970549458e-06
8.23011396088677e-07
-3.29860294056983e-07
1.89117014776058e-07
-6.71679985237086e-07
4.40625058666562e-07
-2.89096178344454e-06
8.72016600347560e-07
-2.26096979384308e-06
7.23156695533538e-07
-2.54096159163021e-06
1.11921590933766e-06
-3.06376056804961e-06
1.17060125134858e-06
-1.81827801343138e-06
1.03612084460114e-06
-1.90069596020912e-06
1.22697935562564e-06
-4.27134890005320e-06
9.94787370842100e-07
-3.72698395592959e-06
9.98356997594251e-07
-3.67639577194819e-06
1.28182574140384e-06
-4.25506979849791e-06
1.21076685888031e-06
-3.09613483983779e-06
1.38935213650582e-06
-2.93970743945886e-06
1.52067180256677e-06
-5.39048012292801e-06
8.88038488463809e-07
-4.93652665930417e-06
1.00320774045974e-06
-4.57903663383364e-06
1.14907384177891e-06
-5.20523730576275e-06
9.96805715115419e-07
-4.13600810359560e-06
1.40122850141486e-06
-3.77291512583403e-06
1.45994475153783e-06
-6.27817978977872e-06
5.42535955318883e-07
-5.90209743623298e-06
7.61930509100026e-07
-5.27585666795685e-06
7.39159349740987e-07
-5.94950123050511e-06
5.19813989202378e-07
-4.94933510776079e-06
1.12288883811343e-06
-4.41700200134064e-06
1.09254986233595e-06
-6.98775595067472e-06
-8.42949320545696e-08
-6.66813244979295e-06
2.51347726932169e-07
-5.81389481228594e-06
2.34973523799655e-08
-6.54025058417966e-06
-2.64434888908600e-07
-5.57583601961616e-06
5.46128159805711e-07
-4.91063177975809e-06
4.08252370692786e-07
-7.57811214819422e-06
-1.05831017422908e-06
-7.29149088018053e-06
-5.79077782676229e-07
-6.24621737748193e-06
-1.06085255106299e-06
-7.03279878069235e-06
-1.42784525583119e-06
-6.06786074598780e-06
-3.75574525178910e-07
-5.30147598000911e-06
-6.44880840721095e-07
-8.10354968662259e-06
-2.47017990322856e-06
-7.82839859326986e-06
-1.80404072213347e-06
-6.62283613405822e-06
-2.60938700819714e-06
-7.47719392024768e-06
-3.07147953879999e-06
-6.47846693300508e-06
-1.72108106079812e-06
-5.63664056560257e-06
-2.15561867537417e-06
-8.60904080910324e-06
-4.44060106096649e-06
-8.32773277860764e-06
-3.52579869569917e-06
-6.98590867364130e-06
-4.75352070109975e-06
-7.91421569553978e-06
-5.33060409913959e-06
-6.85465720581888e-06
-3.60323422025959e-06
-5.95715774757061e-06
-4.25121155563570e-06
-9.12799902321442e-06
-7.12674801442153e-06
-8.82790890979193e-06
-5.87974707207963e-06
-7.36721456313129e-06
-7.66683561068205e-06
-8.37320812768717e-06
-8.38159669843895e-06
-7.23400432715926e-06
-6.17415028202842e-06
-6.29507118607852e-06
-7.10296038967717e-06
-9.68044978389685e-06
-1.07298727203901e-05
-9.35498983007993e-06
-9.04110392955579e-06
-7.78615468598080e-06
-1.15739390970043e-05
-8.87000167033341e-06
-1.24508873777240e-05
-7.64262914963633e-06
-9.63305303610517e-06
-6.67145520917589e-06
-1.09350782634290e-05
-1.02702461474179e-05
-1.55051809171589e-05
-9.92038191584847e-06
-1.32331287988391e-05
-8.24704298254605e-06
-1.67630838019408e-05
-9.40376597901786e-06
-1.78275245587376e-05
-8.09302027416158e-06
-1.42371426481507e-05
-7.09410015509585e-06
-1.60376121930655e-05
-1.08804996258574e-05
-2.17772018224753e-05
-1.05170410727525e-05
-1.87388490894513e-05
-8.73499049038016e-06
-2.36058123932664e-05
-9.95217854903626e-06
-2.48835709130809e-05
-8.58073368306839e-06
-2.03175289752693e-05
-7.55409416234497e-06
-2.27858143342136e-05
-1.14670419785257e-05
-2.99685256903676e-05
-1.11136266753453e-05
-2.59220377766807e-05
-9.21042045303112e-06
-3.25902908426260e-05
-1.04651290768055e-05
-3.41110320698966e-05
-9.07959743289204e-06
-2.83047631879557e-05
-8.02117078458292e-06
-3.16706145679286e-05
-1.19510704836356e-05
-4.06557261369112e-05
-1.16470824432477e-05
-3.52702482658761e-05
-9.60351535579535e-06
-4.43767869828060e-05
-1.08586905994122e-05
-4.61861558756810e-05
-9.53597137528705e-06
-3.87714038702298e-05
-8.43868633445572e-06
-4.33459547900420e-05
-1.22142674428153e-05
-5.46622373533675e-05
-1.20161389302977e-05
-4.74751974734625e-05
-9.81144535262728e-06
-5.98755475148739e-05
-9.86403764212148e-06
-5.24973744956901e-05
-8.72038422570784e-06
-5.86934098076374e-05
-7.46064646871165e-07
8.14239113109738e-07
-3.87360071484145e-07
1.93476599151679e-07
-6.00685787365268e-07
8.99899575830449e-07
-8.94853040545012e-07
1.26409615527039e-06
-1.14626422708888e-07
3.19348906397289e-07
-2.37223329785735e-07
6.64700477296544e-07
-1.72497558720473e-06
1.49926651633868e-06
-1.39821856904129e-06
1.25331417232462e-06
-1.23065497451447e-06
1.72636354212290e-06
-1.66068927850874e-06
1.83542093231973e-06
-8.34443270246718e-07
1.52165932223549e-06
-6.85914448863675e-07
1.75179821199544e-06
-2.54517731212013e-06
1.70566408325127e-06
-2.26563747637014e-06
1.70584517556957e-06
-1.72174339567194e-06
1.99041244108207e-06
-2.27486172514145e-06
1.93257674438410e-06
-1.42148901994313e-06
2.04254782899543e-06
-1.02067335084198e-06
2.17897103370935e-06
-3.19679893379862e-06
1.55744752574517e-06
-2.96742905945813e-06
1.73202910260350e-06
-2.07401619188045e-06
1.83893090562915e-06
-2.73913842062316e-06
1.66618976724824e-06
-1.86509720122260e-06
2.08165791176774e-06
-1.24019953565369e-06
2.12847803164989e-06
-3.69735259484848e-06
1.09486714364677e-06
-3.51037217515668e-06
1.41328407975375e-06
-2.30688466226629e-06
1.33439228041095e-06
-3.07652215406988e-06
1.06938794099119e-06
-2.17536643014861e-06
1.74018720074067e-06
-1.35957347211167e-06
1.69256380118032e-06
-4.08193073522346e-06
3.00579331464994e-07
-3.92315956394156e-06
7.62804556778692e-07
-2.45187542098653e-06
4.74004283206458e-07
-3.32223026459114e-06
1.18150659551933e-07
-2.37869183558995e-06
1.04452378280216e-06
-1.40513673385521e-06
8.90383772040417e-07
-4.39214733418863e-06
-8.87027260909372e-07
-4.24525013069833e-06
-2.56069032412053e-07
-2.54480557007879e-06
-7.97944025190623e-07
-3.51485010754946e-06
-1.25808212861484e-06
-2.50986481344811e-06
-3.70678001550599e-08
-1.40818683777767e-06
-3.18528870119204e-07
-4.66812667317446e-06
-2.56998346882832e-06
-4.51758292203977e-06
-1.72202316779742e-06
-2.61983177735796e-06
-2.58468670644963e-06
-3.69017475565033e-06
-3.17357064608403e-06
-2.60486466852350e-06
-1.58551093613023e-06
-1.39959290068764e-06
-2.02658714182240e-06
-4.94388835452921e-06
-4.89295942151451e-06
-4.77671758327158e-06
-3.75513183529685e-06
-2.70583942617297e-06
-5.03778218251886e-06
-3.87765609688100e-06
-5.78916361711267e-06
-2.69602305682447e-06
-3.72903667345742e-06
-1.40629318408253e-06
-4.37697893217951e-06
-5.24483322119284e-06
-8.04975111999194e-06
-5.05160400176617e-06
-6.52110451699202e-06
-2.82440525291921e-06
-8.36318379226235e-06
-4.09835139287230e-06
-9.31981392884914e-06
-2.80929260421967e-06
-6.64704267553339e-06
-1.44932735543029e-06
-7.56838314328667e-06
-5.58589370864863e-06
-1.22937681449671e-05
-5.36157323257313e-06
-1.02395527970843e-05
-2.98828232134139e-06
-1.28324123494481e-05
-4.36318442600892e-06
-1.40467927673492e-05
-2.96259384606919e-06
-1.05790106232951e-05
-1.54254478757349e-06
-1.18652462609193e-05
-5.96927237251289e-06
-1.79535287804507e-05
-5.71432233849454e-06
-1.51966935170232e-05
-3.19956324180807e-06
-1.87996700810042e-05
-4.67066975949211e-06
-2.03358558168151e-05
-3.16423933993294e-06
-1.58387804209480e-05
-1.69119027909346e-06
-1.76140830499007e-05
-6.38118675681596e-06
-2.54556060039576e-05
-6.10308917588951e-06
-2.17643098779319e-05
-3.44707716598710e-06
-2.67268232519316e-05
-5.00373354698791e-06
-2.86639026736469e-05
-3.41075409997189e-06
-2.28355047161698e-05
-1.88986689953522e-06
-2.52671168282961e-05
-6.78768297257528e-06
-3.53588683582057e-05
-6.50277889385405e-06
-3.04285358776117e-05
-3.70314488290578e-06
-3.72187207369251e-05
-5.32592583223225e-06
-3.96572387768162e-05
-3.68389134240144e-06
-3.21034789093385e-05
-2.11983069464093e-06
-3.54150012614500e-05
-7.13049181452206e-06
-4.84028438176524e-05
-6.86563393122526e-06
-4.18327845566414e-05
-3.92050038041495e-06
-5.10691437655572e-05
-5.57816136393623e-06
-5.41413744144528e-05
-3.94724158206552e-06
-4.43426308905131e-05
-2.34608728563063e-06
-4.88290142035409e-05
-7.32493205572472e-06
-6.55659420631416e-05
-7.11808709353323e-06
-5.68347752942416e-05
-4.03088507743906e-06
-6.93098224398648e-05
-4.14356628215482e-06
-6.04663204366283e-05
-2.51535986940387e-06
-6.65061520176102e-05
-1.16327405894118e-07
1.12190298564822e-06
-1.51362849671382e-07
3.17650455340100e-07
8.47861574428119e-08
1.18758058060830e-06
-1.02616975395896e-08
1.62788112351926e-06
1.29508877679503e-07
4.38186224816397e-07
2.55453623461724e-07
8.61955203948099e-07
-2.82650104590035e-07
2.05280722228367e-06
-3.27995258599648e-07
1.70636276256484e-06
3.25284937077043e-07
2.25156084617262e-06
4.49704343321583e-08
2.40485907407920e-06
3.18489621084846e-07
1.93134058907065e-06
7.13668972035045e-07
2.20065432581751e-06
-3.72012977033683e-07
2.35568004722481e-06
-4.30205625485812e-07
2.32724376576719e-06
6.22743874644015e-07
2.61617945746994e-06
1.65183193283461e-07
2.57456066355681e-06
5.67452523893933e-07
2.60189557554485e-06
1.21432796766805e-06
2.74585338353627e-06
-3.87258820068846e-07
2.19800023243598e-06
-4.55153447774971e-07
2.39532304632435e-06
9.61362291572527e-07
2.46859640510348e-06
3.39015125096157e-07
2.29050537562994e-06
8.65155243613524e-07
2.68051115882398e-06
1.73642867785236e-06
2.71721686348343e-06
-3.42849440990666e-07
1.66040210483477e-06
-4.13736932002558e-07
2.03527362268290e-06
1.32271288226986e-06
1.91019988425747e-06
5.48656423675287e-07
1.62186543618806e-06
1.19569379347438e-06
2.30939233016976e-06
2.26092737624550e-06
2.24754521942663e-06
-2.60810157626211e-07
7.50372396119175e-07
-3.25869377007242e-07
1.29263459265218e-06
1.68721696564525e-06
9.61962595730510e-07
7.72850146056122e-07
5.64680386367735e-07
1.54063170078818e-06
1.54494892714498e-06
2.77035289446182e-06
1.38179491653245e-06
-1.65913910067643e-07
-5.85364547274648e-07
-2.15797524497789e-07
1.46260901696418e-07
2.03608449655081e-06
-4.22844203995356e-07
9.90192605053505e-07
-9.46658039739437e-07
1.88079133235976e-06
3.70262499517415e-07
3.24908066581520e-06
9.09114065904854e-08
-8.16677168511570e-08
-2.45410706370572e-06
-1.07735821247222e-07
-1.48204381420132e-06
2.35305996756904e-06
-2.35042512685290e-06
1.18170480991595e-06
-3.03367775784011e-06
2.19833570907229e-06
-1.29403949418717e-06
3.68400963180460e-06
-1.71760569727293e-06
-2.77950289702405e-08
-5.01702137301012e-06
-2.28234334377264e-08
-3.72407545904923e-06
2.62539447223657e-06
-4.98509634020864e-06
1.33230712893577e-06
-5.87483675672600e-06
2.47825052209135e-06
-3.58525502425257e-06
4.06487963930607e-06
-4.19610929030474e-06
-1.88670144118648e-08
-8.49517056901740e-06
2.25928098197934e-08
-6.76813552446703e-06
2.84420396578502e-06
-8.55482851852972e-06
1.43157115575129e-06
-9.71302142420905e-06
2.70903637804899e-06
-6.70107369721723e-06
4.38416246638235e-06
-7.56054023033099e-06
-6.33554571841739e-08
-1.31815595868392e-05
1.79714957498312e-08
-1.08680025171569e-05
3.00467874088971e-06
-1.33635573266121e-05
1.47434074121309e-06
-1.48695054575434e-05
2.88297622178478e-06
-1.09088126411891e-05
4.63683457602265e-06
-1.21012652147140e-05
-1.62459815461395e-07
-1.94596988434615e-05
-4.04206284705711e-08
-1.63581828519347e-05
3.10657303696165e-06
-1.98105590418365e-05
1.46170697980370e-06
-2.17649171510826e-05
2.99646033066727e-06
-1.65614607222734e-05
4.82037924838439e-06
-1.82010780295607e-05
-3.08339701138228e-07
-2.78297779113304e-05
-1.48025356954087e-07
-2.36763613547736e-05
3.15521434754037e-06
-2.84175312299355e-05
1.40255597460848e-06
-3.09481017489508e-05
3.05074000023736e-06
-2.41210139714059e-05
4.93526395848689e-06
-2.63607379746921e-05
-4.81762844038454e-07
-3.89434706797674e-05
-2.89901961352233e-07
-3.33943347106231e-05
3.16302180315861e-06
-3.98636381281521e-05
1.31559834271115e-06
-4.31331916745879e-05
3.05325115329152e-06
-3.41896298101751e-05
4.98596504258513e-06
-3.72321799662607e-05
-6.49530589165103e-07
-5.36465557879191e-05
-4.38302852120348e-07
-4.62577264199796e-05
3.15136959511018e-06
-5.50270670327202e-05
1.23160128840621e-06
-5.92428226250319e-05
3.01943725740136e-06
-4.75482620676910e-05
4.98250660212584e-06
-5.16584374386629e-05
-7.62589872617764e-07
-7.30184120558452e-05
-5.50571345082086e-07
-6.32300532732287e-05
3.15261521443342e-06
-7.50250318581092e-05
2.97513731118733e-06
-6.52012211061841e-05
4.94299335590454e-06
-7.07197975992760e-05
5.84289904166812e-07
1.39172616416586e-06
1.16478524071209e-07
4.30327866747291e-07
8.25954231287798e-07
1.45368583887886e-06
9.65497308004038e-07
1.93586616558325e-06
3.82311664560643e-07
5.60066127905559e-07
7.63899847406284e-07
1.06501966319917e-06
1.34300135337841e-06
2.52860333758520e-06
8.77849840081091e-07
2.09111250491046e-06
2.03575657003374e-06
2.71586046688794e-06
1.94747617364056e-06
2.88275175996987e-06
1.57389540698239e-06
2.29488490681453e-06
2.22233450884191e-06
2.61486947190042e-06
2.09917201241963e-06
2.91412857804223e-06
1.65525553497192e-06
2.85120989873398e-06
3.21588021788718e-06
3.14687042351995e-06
2.90497772309929e-06
3.11148022061870e-06
2.75589108693534e-06
3.06977303469192e-06
3.64355672894883e-06
3.22391789895137e-06
2.83098217521838e-06
2.76141644158124e-06
2.41979227506731e-06
2.95834343019887e-06
4.33082703124660e-06
3.00441724970290e-06
3.81273995830019e-06
2.82777635201465e-06
3.88506645817400e-06
3.17338821701314e-06
4.98125037655025e-06
3.20242165983766e-06
3.52292933554014e-06
2.18782657832848e-06
3.15138839666893e-06
2.58276210434604e-06
5.36215301335708e-06
2.42621107142870e-06
4.65586560458895e-06
2.13259736941848e-06
4.93776221772232e-06
2.79292530132321e-06
6.21313197636428e-06
2.72268891154203e-06
4.16364024428270e-06
1.22214787791172e-06
3.83584212834694e-06
1.79812030666182e-06
6.30190311931350e-06
1.45136100440090e-06
5.42614506564209e-06
1.03819167764541e-06
5.90253802636005e-06
2.00914954989763e-06
7.33121967534621e-06
1.84814084619881e-06
4.74495178909102e-06
-1.80368381098048e-07
4.46310566585650e-06
5.96595728846192e-07
7.14918180061246e-06
4.01582218053087e-08
6.12008480273459e-06
-5.15899160152720e-07
6.77593132001482e-06
8.16176920821903e-07
8.33680249287948e-06
5.57114824970149e-07
5.26145406853889e-06
-2.12813940950553e-06
5.02662264596574e-06
-1.09781870157026e-06
7.90750020489085e-06
-1.91378166807212e-06
6.73738673221217e-06
-2.65393303989350e-06
7.55958304850339e-06
-8.63038161508086e-07
9.23652345873021e-06
-1.24183631275744e-06
5.70991552830730e-06
-4.79097569608288e-06
5.52271446997931e-06
-3.42311007195088e-06
8.58246869102265e-06
-4.58009563422204e-06
7.27952422334692e-06
-5.56324932412734e-06
8.25787834472245e-06
-3.16939757271347e-06
1.00390982395964e-05
-3.70396926160262e-06
6.08856457144392e-06
-8.40543168166713e-06
5.94980468026848e-06
-6.58082701426330e-06
9.17982596700084e-06
-8.19659167621775e-06
7.74845006482896e-06
-9.50144202165493e-06
8.87590806886612e-06
-6.30882955815805e-06
1.07526136903665e-05
-7.05119207312133e-06
6.39645040321814e-06
-1.32875114738438e-05
6.30765034369180e-06
-1.08451794346500e-05
9.70386059466590e-06
-1.30820238492886e-05
8.14558053353024e-06
-1.48111148402988e-05
9.41775943816963e-06
-1.05614613494411e-05
1.13823631223573e-05
-1.15830526165135e-05
6.63312402832317e-06
-1.98527615347387e-05
6.59682123596222e-06
-1.65795308414645e-05
1.01562719691895e-05
-1.96565838840955e-05
8.47119143001615e-06
-2.19422301207597e-05
9.88518989471888e-06
-1.62985072546684e-05
1.19291634498940e-05
-1.76955817076948e-05
6.79881565063883e-06
-2.86439368099894e-05
6.81861556237751e-06
-2.42604698566857e-05
1.05355222663808e-05
-2.84701031749900e-05
8.72432895101981e-06
-3.14820540277238e-05
1.02767541724324e-05
-2.40068702363504e-05
1.23881487079740e-05
-2.59079605704680e-05
6.89518670983645e-06
-4.03659415149442e-05
6.97549979883938e-06
-3.45095104122266e-05
1.08367537255904e-05
-4.02374019944526e-05
8.90330978543119e-06
-4.41919483049215e-05
1.05874781864786e-05
-3.43212440169875e-05
1.27481245298016e-05
-3.68965893744255e-05
6.92675303418624e-06
-5.59268774495038e-05
7.07210102011420e-06
-4.81315432431228e-05
1.10524592803069e-05
-5.58792338455366e-05
9.00702911939457e-06
-6.10496336055995e-05
1.08091976479695e-05
-4.80624552243663e-05
1.29916530693054e-05
-5.15347842983430e-05
6.90465050539951e-06
-7.64936028316064e-05
7.11713927515135e-06
-6.61593347332786e-05
1.11754052513251e-05
-7.65758505649062e-05
1.09317648859034e-05
-6.62799621800451e-05
1.30959785487021e-05
-7.09347019733949e-05
