3040
-6.169350206620078e-04
-2.137962755738910e-05
-5.847128892774051e-04
-3.649153244884400e-05
-5.779874046040921e-04
-5.360175894199319e-05
-8.856825871723156e-04
-2.772685581468325e-05
-5.457652732194894e-04
-6.871366383344807e-05
-7.356113618233831e-04
-1.272349021629941e-04
-6.928167768391057e-04
3.901392133388833e-05
-6.733955745654449e-04
1.400199114410874e-05
-6.439691354828648e-04
1.780377988190029e-05
-9.683671232671965e-04
7.758738267385479e-05
-6.245479332092041e-04
-7.208150307879275e-06
-8.252462661797117e-04
-1.956594531645599e-05
-7.313432134592472e-04
1.202530488425447e-04
-7.228942361378226e-04
9.044749876180571e-05
-6.777019522120466e-04
1.071200477955968e-04
-1.004500451351495e-03
2.033626732115945e-04
-6.692529748906221e-04
7.731449771485778e-05
-8.748818197653462e-04
1.131623995601752e-04
-7.384019723126334e-04
2.082755000775282e-04
-7.390965157847393e-04
1.779971346812927e-04
-6.842878957499346e-04
2.009132705735658e-04
-1.001841106093642e-03
3.312673945055860e-04
-6.849824392220418e-04
1.706349051773307e-04
-8.906717688526991e-04
2.522852089686227e-04
-7.198806951894672e-04
2.914281960322877e-04
-7.278900552963969e-04
2.642122190641161e-04
-6.688290070548336e-04
2.880541030971927e-04
-9.681476221620692e-04
4.463029473161435e-04
-6.768383671617648e-04
2.608381261290217e-04
-8.787698597141926e-04
3.822483799936589e-04
-6.816670238799461e-04
3.604672335847704e-04
-6.951624964629977e-04
3.390632479563232e-04
-6.364273270850335e-04
3.597176293547704e-04
-9.111785342252023e-04
5.368037544568420e-04
-6.499227996680859e-04
3.383136437263239e-04
-8.453298386222273e-04
4.906086303030940e-04
-6.296486001742798e-04
4.085578854974308e-04
-6.468014810747389e-04
3.949298932884592e-04
-5.921848967988476e-04
4.093833624415180e-04
-8.386923769514766e-04
5.944372607945250e-04
-6.093377776993067e-04
3.957553702325464e-04
-7.965054518492357e-04
5.680334981477994e-04
-5.697130658626624e-04
4.312746004172150e-04
-5.886946509218237e-04
4.266010028755719e-04
-5.412037571545603e-04
4.328352445595505e-04
-7.584476850093214e-04
6.142039332492973e-04
-5.601853422137206e-04
4.281616470179066e-04
-7.384504456676110e-04
6.083013423616689e-04
-5.077480627352965e-04
4.266010028755740e-04
-5.267296477944577e-04
4.312746004172133e-04
-4.885859491104772e-04
4.281616470179098e-04
-6.782029930671665e-04
5.944372607945267e-04
-5.075675341696386e-04
4.328352445595490e-04
-6.773185663497864e-04
6.083013423616704e-04
-4.496412325823827e-04
3.949298932884580e-04
-4.667941134828410e-04
4.085578854974312e-04
-4.394335136248949e-04
3.957553702325444e-04
-6.057168357934402e-04
5.368037544568425e-04
-4.565863945253532e-04
4.093833624415176e-04
-6.192635601681674e-04
5.680334981477966e-04
-4.012802171941257e-04
3.390632479563217e-04
-4.147756897771718e-04
3.604672335847723e-04
-3.988484916561166e-04
3.383136437263234e-04
-5.487477478565755e-04
4.463029473161433e-04
-4.123439642391620e-04
3.597176293547733e-04
-5.704391733951713e-04
4.906086303030963e-04
-3.685526583607233e-04
2.642122190641144e-04
-3.765620184676537e-04
2.914281960322886e-04
-3.719329241624347e-04
2.608381261290190e-04
-5.150542639250008e-04
3.312673945055857e-04
-3.799422842693651e-04
2.880541030971930e-04
-5.369991523032063e-04
3.822483799936561e-04
-3.573461978723811e-04
1.779971346812918e-04
-3.580407413444874e-04
2.082755000775293e-04
-3.637888521021572e-04
1.706349051773302e-04
-5.123949186671476e-04
2.033626732115941e-04
-3.644833955742642e-04
2.009132705735679e-04
-5.250972431646997e-04
2.522852089686239e-04
-3.735484775192988e-04
9.044749876180558e-05
-3.650995001978729e-04
1.202530488425449e-04
-3.795183164335779e-04
7.731449771485773e-05
-5.485282467514469e-04
7.758738267385471e-05
-3.710693391121520e-04
1.071200477955970e-04
-5.408871922520531e-04
1.131623995601752e-04
-4.230471390916760e-04
1.400199114410874e-05
-4.036259368180146e-04
3.901392133388836e-05
-4.242233581149957e-04
-7.208150307879249e-06
-6.312127828463270e-04
-2.772685581468329e-05
-4.048021558413341e-04
1.780377988190031e-05
-5.905227458376876e-04
-1.956594531645600e-05
-5.117298243797167e-04
-3.649153244884394e-05
-4.795076929951115e-04
-2.137962755738914e-05
-5.030060181047114e-04
-6.871366383344808e-05
-4.707838867201060e-04
-5.360175894199324e-05
-6.801576501940163e-04
-1.272349021629940e-04
-4.839223736370607e-04
-1.001622875471038e-04
-4.627122321850739e-04
-1.251742177368837e-04
-4.350747322808223e-04
-1.195834898207660e-04
-6.768872723245347e-04
-1.173617601710120e-04
-4.138645908288355e-04
-1.445954200105461e-04
-5.291707653336027e-04
-2.099194382578748e-04
-5.356808499481202e-04
-1.342152952120551e-05
-5.221390455053135e-04
-4.542482217613095e-05
-4.798418461267362e-04
-2.696333396401346e-05
-7.345124203893224e-04
1.772130306361943e-05
-4.663000416839294e-04
-5.896662661893892e-05
-5.890368449438382e-04
-7.719109338124352e-05
-5.643557551484493e-04
8.644846117316426e-05
-5.573868109992257e-04
5.187935740614324e-05
-5.059509402149695e-04
7.658443247674364e-05
-7.642512839418042e-04
1.637971668109592e-04
-4.989819960657457e-04
4.201532870972259e-05
-6.276795980167644e-04
7.123948872409642e-05
-5.735826753101275e-04
1.872184982527252e-04
-5.720911147388913e-04
1.538282806723437e-04
-5.163567465632865e-04
1.794591038837467e-04
-7.707515770673647e-04
3.049784259504508e-04
-5.148651859920501e-04
1.460688863033652e-04
-6.483641517119659e-04
2.193738022024791e-04
-5.669971965052421e-04
2.787543309859393e-04
-5.698875427963944e-04
2.496068428366158e-04
-5.140139971894586e-04
2.720501634133925e-04
-7.586610138513891e-04
4.282662944743665e-04
-5.169043434806108e-04
2.429026752640691e-04
-6.543556331890349e-04
3.538797588408523e-04
-5.482349048058648e-04
3.530166441930012e-04
-5.544116812438117e-04
3.304948746648419e-04
-5.018774241112432e-04
3.467372829962241e-04
-7.326273083792579e-04
5.235506054878044e-04
-5.080542005491897e-04
3.242155134680648e-04
-6.489191696075467e-04
4.640916880687676e-04
-5.209313862840915e-04
4.040610582458594e-04
-5.292991161532277e-04
3.898671424746468e-04
-4.829017593464194e-04
3.978903233369502e-04
-6.972981747363601e-04
5.836098112086962e-04
-4.912694892155556e-04
3.836964075657377e-04
-6.353198881271008e-04
5.420103369584006e-04
-4.887222270119887e-04
4.280381290681818e-04
-4.981854335967175e-04
4.231933481353886e-04
-4.600417349127397e-04
4.218693339144133e-04
-6.573213270080785e-04
6.041109829677987e-04
-4.695049414974687e-04
4.170245529816201e-04
-6.168229159072671e-04
5.823028702245168e-04
-4.552430130616447e-04
4.231933481353918e-04
-4.647062196463748e-04
4.280381290681801e-04
-4.362520828279765e-04
4.170245529816234e-04
-6.173444792797974e-04
5.836098112086977e-04
-4.457152894127066e-04
4.218693339144118e-04
-5.966933801076463e-04
5.823028702245182e-04
-4.241293305051385e-04
3.898671424746445e-04
-4.324970603742741e-04
4.040610582458584e-04
-4.144875351098931e-04
3.836964075657357e-04
-5.820153456368988e-04
5.235506054878049e-04
-4.228552649790288e-04
3.978903233369496e-04
-5.781964078878171e-04
5.420103369583981e-04
-3.990167654145555e-04
3.304948746648414e-04
-4.051935418524956e-04
3.530166441930041e-04
-3.977028237762601e-04
3.242155134680645e-04
-5.559816401647700e-04
4.282662944743662e-04
-4.038796002142002e-04
3.467372829962271e-04
-5.645971264073681e-04
4.640916880687696e-04
-3.835409038619694e-04
2.496068428366129e-04
-3.864312501531214e-04
2.787543309859392e-04
-3.888526808448354e-04
2.429026752640664e-04
-5.438910769487926e-04
3.049784259504504e-04
-3.917430271359875e-04
2.720501634133928e-04
-5.591606628258791e-04
3.538797588408497e-04
-3.813373319194720e-04
1.538282806723431e-04
-3.798457713482363e-04
1.872184982527272e-04
-3.908918383333959e-04
1.460688863033647e-04
-5.503913700743528e-04
1.637971668109588e-04
-3.894002777621604e-04
1.794591038837489e-04
-5.651521443029489e-04
2.193738022024801e-04
-3.960416356591388e-04
5.187935740614321e-05
-3.890726915099141e-04
8.644846117316432e-05
-4.067750282597015e-04
4.201532870972261e-05
-5.801302336268354e-04
1.772130306361932e-05
-3.998060841104768e-04
7.658443247674375e-05
-5.858366979981507e-04
7.123948872409642e-05
-4.312894011530507e-04
-4.542482217613080e-05
-4.177475967102436e-04
-1.342152952120560e-05
-4.394569826415174e-04
-5.896662661893876e-05
-6.377553816916222e-04
-1.173617601710120e-04
-4.259151781987103e-04
-2.696333396401357e-05
-6.244794510710768e-04
-7.719109338124352e-05
-4.907162144732910e-04
-1.251742177368836e-04
-4.695060730213019e-04
-1.001622875471037e-04
-4.918924334966125e-04
-1.445954200105461e-04
-4.706822920446232e-04
-1.195834898207662e-04
-6.843455306813122e-04
-2.099194382578748e-04
-3.278925921149467e-04
-1.448673292285216e-04
-3.147595910679998e-04
-1.746728793092614e-04
-2.742513308677482e-04
-1.533163065499477e-04
-4.430325694466605e-04
-1.669973137566465e-04
-2.611183298208014e-04
-1.831218566306875e-04
-3.022691167946197e-04
-2.460527663421733e-04
-3.631917611200820e-04
-4.610348390302165e-05
-3.533277324236622e-04
-8.067258767004307e-05
-3.047869461866015e-04
-5.307242805224665e-05
-4.849554802827395e-04
-2.092145000930675e-05
-2.949229174901818e-04
-8.764153181926808e-05
-3.418346231952551e-04
-1.069299569337253e-04
-3.876889186865601e-04
6.016818369378198e-05
-3.806268662905920e-04
2.458022353921344e-05
-3.282652473655322e-04
5.310613129781296e-05
-5.149906124621781e-04
1.295675818270765e-04
-3.212031949695642e-04
1.751817114324442e-05
-3.760642081791377e-04
4.120435654465770e-05
-4.030818355011019e-04
1.635515558863811e-04
-3.983547633555115e-04
1.301133293662721e-04
-3.458078978145330e-04
1.554517344902448e-04
-5.351192624277498e-04
2.710265928043400e-04
-3.410808256689424e-04
1.220135079701357e-04
-4.057787827334595e-04
1.850180858799208e-04
-4.110682822504340e-04
2.554312102182487e-04
-4.082091943051445e-04
2.267352000778763e-04
-3.585365609436013e-04
2.458726929564566e-04
-5.473227266222289e-04
3.924566101467143e-04
-3.556774729983118e-04
2.171766828160842e-04
-4.317992578454171e-04
3.134011575611871e-04
-4.133460296212717e-04
3.289724194518301e-04
-4.118879298262105e-04
3.070350011597460e-04
-3.675729001627248e-04
3.179532665692418e-04
-5.535823014883856e-04
4.853028772508206e-04
-3.661148003676635e-04
2.960158482771577e-04
-4.549465445021961e-04
4.174655127797494e-04
-4.116128483003479e-04
3.791211515685622e-04
-4.110887406054336e-04
3.653825933165820e-04
-3.740385788819075e-04
3.669536636427982e-04
-5.558792834689971e-04
5.434548536856781e-04
-3.735144711869932e-04
3.532151053908179e-04
-4.760415536909987e-04
4.905451074290882e-04
-4.075665089743739e-04
4.026040697688425e-04
-4.075093973295313e-04
3.979285324720581e-04
-3.790552605111329e-04
3.898100409326972e-04
-5.561949690068356e-04
5.632462151926969e-04
-3.789981488662905e-04
3.851345036359128e-04
-4.959051963990056e-04
5.281959121048404e-04
-4.029047823300771e-04
3.979285324720610e-04
-4.028476706852355e-04
4.026040697688411e-04
-3.837446084603998e-04
3.851345036359158e-04
-5.565106545446746e-04
5.434548536856795e-04
-3.836874968155582e-04
3.898100409326959e-04
-5.153583836134208e-04
5.281959121048417e-04
-3.993254390541777e-04
3.653825933165799e-04
-3.988013313592632e-04
3.791211515685616e-04
-3.892282861396996e-04
3.532151053908160e-04
-5.588076365252853e-04
4.853028772508210e-04
-3.887041784447851e-04
3.669536636427977e-04
-5.352220263214312e-04
4.905451074290860e-04
-3.985262498334019e-04
3.070350011597456e-04
-3.970681500383356e-04
3.289724194518328e-04
-3.966279569590304e-04
2.960158482771573e-04
-5.650672113914443e-04
3.924566101467139e-04
-3.951698571639642e-04
3.179532665692446e-04
-5.563170355102319e-04
4.174655127797514e-04
-4.022049853544640e-04
2.267352000778737e-04
-3.993458974091756e-04
2.554312102182487e-04
-4.070652843283783e-04
2.171766828160818e-04
-5.772706755859216e-04
2.710265928043396e-04
-4.042061963830899e-04
2.458726929564567e-04
-5.794643221670089e-04
3.134011575611848e-04
-4.120594163040974e-04
1.301133293662716e-04
-4.073323441585087e-04
1.635515558863829e-04
-4.216619316577482e-04
1.220135079701354e-04
-5.973993255514929e-04
1.295675818270761e-04
-4.169348595121596e-04
1.554517344902466e-04
-6.054847972789686e-04
1.850180858799216e-04
-4.297873133690182e-04
2.458022353921346e-05
-4.227252609730495e-04
6.016818369378198e-05
-4.415395623571277e-04
1.751817114324447e-05
-6.274344577309324e-04
-2.092145000930690e-05
-4.344775099611590e-04
5.310613129781300e-05
-6.351993718332900e-04
4.120435654465770e-05
-4.570864472359477e-04
-8.067258767004279e-05
-4.472224185395278e-04
-4.610348390302179e-05
-4.678198398365098e-04
-8.764153181926786e-05
-6.693573685670107e-04
-1.669973137566465e-04
-4.579558111400899e-04
-5.307242805224688e-05
-6.694289568171727e-04
-1.069299569337253e-04
-4.956545885916107e-04
-1.746728793092611e-04
-4.825215875446621e-04
-1.448673292285216e-04
-5.016244275058909e-04
-1.831218566306875e-04
-4.884914264589423e-04
-1.533163065499479e-04
-7.089944632178078e-04
-2.460527663421732e-04
-1.630650511530960e-04
-1.605967935599410e-04
-1.557028216491351e-04
-1.908751589561776e-04
-1.089509745904019e-04
-1.599022500878386e-04
-2.027834020369700e-04
-1.827872628440018e-04
-1.015887450864407e-04
-1.901806154840750e-04
-7.323803749938579e-05
-2.433934210843208e-04
-1.876310700270618e-04
-6.198667382932595e-05
-1.798716756580836e-04
-9.537689140970873e-05
-1.304051412802211e-04
-6.347823440056565e-05
-2.356948088031136e-04
-4.160600370450982e-05
-1.226457469112431e-04
-9.686845198094872e-05
-9.952700605452096e-05
-1.134302500592859e-04
-2.116864483602910e-04
4.029055299440358e-05
-2.035866269641552e-04
6.852326474293750e-06
-1.544125106737231e-04
3.556348084881115e-05
-2.700505251256718e-04
9.985300727275368e-05
-1.463126892775873e-04
2.125254328701199e-06
-1.334788392006319e-04
2.107570657908596e-05
-2.353053817869071e-04
1.376718378435116e-04
-2.269218712014740e-04
1.067780851289529e-04
-1.805759179058895e-04
1.292883272580777e-04
-3.056098327452413e-04
2.305907973120187e-04
-1.721924073204565e-04
9.839457454351909e-05
-1.739146346929524e-04
1.494587782603510e-04
-2.585620659410365e-04
2.230605865364821e-04
-2.499516040041650e-04
1.968324298736102e-04
-2.084981981117062e-04
2.111234445336540e-04
-3.421320134024224e-04
3.416082068694762e-04
-1.998877361748339e-04
1.848952878707814e-04
-2.196554902867185e-04
2.628309061758079e-04
-2.815306964567990e-04
2.908266597780111e-04
-2.727500210063505e-04
2.709138609138232e-04
-2.377821864261498e-04
2.758576804905816e-04
-3.793763488378068e-04
4.259058896332658e-04
-2.290015109757019e-04
2.559448816263946e-04
-2.695225037371619e-04
3.540816432784904e-04
-3.042854689683261e-04
3.368063731590241e-04
-2.953913178421558e-04
3.243873333413684e-04
-2.680307179842129e-04
3.196415910525505e-04
-4.171021207919998e-04
4.784843125235015e-04
-2.591365668580416e-04
3.072225512348937e-04
-3.223367727995222e-04
4.178781542831836e-04
-3.269005791097340e-04
3.583024971566475e-04
-3.179496901457015e-04
3.540842571342363e-04
-2.988466279208672e-04
3.399874402518566e-04
-4.550686110055920e-04
4.963437556922373e-04
-2.898957389568359e-04
3.357692002294467e-04
-3.769193952290261e-04
4.506652156663958e-04
-3.494502225151509e-04
3.540842571342389e-04
-3.404993335511188e-04
3.583024971566462e-04
-3.298327513711034e-04
3.357692002294493e-04
-4.930351012191886e-04
4.784843125235026e-04
-3.208818624070701e-04
3.399874402518555e-04
-4.320914687809162e-04
4.506652156663971e-04
-3.720085948186984e-04
3.243873333413666e-04
-3.631144436925282e-04
3.368063731590234e-04
-3.605919234698978e-04
3.072225512348928e-04
-5.307608731733781e-04
4.259058896332673e-04
-3.516977723437282e-04
3.196415910525501e-04
-4.866740912104223e-04
4.178781542831815e-04
-3.946498916545047e-04
2.709138609138227e-04
-3.858692162040524e-04
2.908266597780135e-04
-3.907269793522383e-04
2.559448816263932e-04
-5.680052086087644e-04
3.416082068694744e-04
-3.819463039017867e-04
2.758576804905846e-04
-5.394883602727820e-04
3.540816432784921e-04
-4.174483086566863e-04
1.968324298736080e-04
-4.088378467198164e-04
2.230605865364819e-04
-4.198407541531035e-04
1.848952878707800e-04
-6.045273892659455e-04
2.305907973120195e-04
-4.112302922162321e-04
2.111234445336533e-04
-5.893553737232227e-04
2.628309061758059e-04
-4.404780414593779e-04
1.067780851289525e-04
-4.320945308739479e-04
1.376718378435132e-04
-4.475360830074812e-04
9.839457454351887e-05
-6.400866968855136e-04
9.985300727275337e-05
-4.391525724220521e-04
1.292883272580799e-04
-6.350962293169916e-04
1.494587782603516e-04
-4.638132856966978e-04
6.852326474293805e-06
-4.557134643005620e-04
4.029055299440359e-05
-4.734158010503516e-04
2.125254328701265e-06
-6.744424132080726e-04
-4.160600370450996e-05
-4.653159796542157e-04
3.556348084881117e-05
-6.755320248093112e-04
2.107570657908595e-05
-4.875282370027691e-04
-9.537689140970837e-05
-4.797688426337914e-04
-6.198667382932612e-05
-4.970827434166958e-04
-9.686845198094826e-05
-7.073538199742158e-04
-1.827872628440013e-04
-4.893233490477181e-04
-6.347823440056587e-05
-7.094838579554230e-04
-1.134302500592861e-04
-5.116970910117185e-04
-1.908751589561773e-04
-5.043348615077561e-04
-1.605967935599410e-04
-5.181397452414989e-04
-1.901806154840748e-04
-5.107775157375365e-04
-1.599022500878384e-04
-7.357728265105572e-04
-2.433934210843207e-04
-1.354696702029197e-06
-1.524527214996616e-04
2.019396233064997e-06
-1.796686984678348e-04
4.969699143260207e-05
-1.444433613927348e-04
2.830612698930772e-05
-1.708853537054902e-04
5.307108436769637e-05
-1.716593383609080e-04
1.429238733124141e-04
-2.096999371527470e-04
-1.929014756698207e-05
-6.402583131788473e-05
-1.258597999443537e-05
-9.317331946720953e-05
3.369305174880183e-05
-6.113548502673598e-05
-6.249416349868762e-08
-4.759748518157585e-05
4.039721932134840e-05
-9.028297317606077e-05
1.248872204706373e-04
-1.013396868433095e-04
-4.501614001496669e-05
2.569390566503547e-05
-3.545762275317471e-05
-3.002104475337983e-06
7.515581291865750e-06
2.283481771974404e-05
-4.054109544316351e-05
7.383253216079787e-05
1.707409855365780e-05
-5.861192420629483e-06
8.907753614298504e-05
8.872242384607652e-06
-7.729753496026969e-05
1.099765089891353e-04
-6.536039295744025e-05
8.374835232626278e-05
-2.723366713093793e-05
1.013660470522631e-04
-9.111134682854362e-05
1.848499417182547e-04
-1.529652512810842e-05
7.513789038939031e-05
3.822913286574612e-05
1.129365976031717e-04
-1.148991933171775e-04
1.832442127479080e-04
-1.010591515215188e-04
1.611336713095323e-04
-6.895294071234168e-05
1.694041709522493e-04
-1.497549182984941e-04
2.784553971789371e-04
-5.511289891668270e-05
1.472936295138735e-04
-2.492367682479095e-05
2.041873347058566e-04
-1.565859759999774e-04
2.410714655883036e-04
-1.413187593596961e-04
2.243616873998639e-04
-1.160404866450779e-04
2.229426251770007e-04
-2.144534798318755e-04
3.492049625225211e-04
-1.007732700047965e-04
2.062328469885609e-04
-9.764658039233752e-05
2.772916184074376e-04
-2.011227439229576e-04
2.801849307107313e-04
-1.849040773862615e-04
2.697924500761139e-04
-1.668945521218803e-04
2.590223132596872e-04
-2.831887014075393e-04
3.932101120201898e-04
-1.506758855851841e-04
2.486298326250697e-04
-1.772052653006066e-04
3.282498222440036e-04
-2.472743580004036e-04
2.984634858690525e-04
-2.305799665154962e-04
2.949382233705838e-04
-2.199133843354799e-04
2.757316065093437e-04
-3.539422530043508e-04
4.081377302346708e-04
-2.032189928505732e-04
2.722063440108757e-04
-2.608654190133060e-04
3.543955285729360e-04
-2.938056791466009e-04
2.949382233705859e-04
-2.771112876616959e-04
2.984634858690514e-04
-2.734952304786103e-04
2.722063440108790e-04
-4.246958046011598e-04
3.932101120201923e-04
-2.568008389937038e-04
2.757316065093431e-04
-3.458927289941517e-04
3.543955285729369e-04
-3.394815682758380e-04
2.697924500761116e-04
-3.232629017391407e-04
2.801849307107307e-04
-3.260383377440007e-04
2.486298326250680e-04
-4.934310261768256e-04
3.492049625225199e-04
-3.098196712073044e-04
2.590223132596880e-04
-4.295528827068525e-04
3.282498222440022e-04
-3.830668863024048e-04
2.243616873998647e-04
-3.677996696621211e-04
2.410714655883052e-04
-3.759409533243876e-04
2.062328469885607e-04
-5.581295877102067e-04
2.784553971789382e-04
-3.606737366841053e-04
2.229426251770021e-04
-5.091115676151216e-04
2.772916184074390e-04
-4.233264941405768e-04
1.611336713095297e-04
-4.094864523449217e-04
1.832442127479088e-04
-4.216013244124993e-04
1.472936295138717e-04
-6.167731591801573e-04
1.848499417182535e-04
-4.077612826168412e-04
1.694041709522496e-04
-5.818344711826646e-04
2.041873347058551e-04
-4.590252527046566e-04
8.374835232626232e-05
-4.470881107018308e-04
1.099765089891359e-04
-4.614176982010731e-04
7.513789038939006e-05
-6.673434105655344e-04
7.383253216079760e-05
-4.494805561982497e-04
1.013660470522642e-04
-6.449872808732061e-04
1.129365976031722e-04
-4.889280229089236e-04
-3.002104475337915e-06
-4.793695056471320e-04
2.569390566503545e-05
-4.937883218828409e-04
-5.861192420629393e-06
-7.078220118452016e-04
-4.759748518157589e-05
-4.842298046210485e-04
2.283481771974404e-05
-6.958356841504432e-04
8.872242384607654e-06
-5.117996656676643e-04
-9.317331946720970e-05
-5.050954980951184e-04
-6.402583131788516e-05
-5.171114426505317e-04
-9.028297317606067e-05
-7.361906329980094e-04
-1.708853537054912e-04
-5.104072750779847e-04
-6.113548502673595e-05
-7.316453684780943e-04
-1.013396868433094e-04
-5.264050418951640e-04
-1.796686984678346e-04
-5.230309489600690e-04
-1.524527214996621e-04
-5.297853076968813e-04
-1.716593383609081e-04
-5.264112147617871e-04
-1.444433613927358e-04
-7.496820213198713e-04
-2.096999371527467e-04
1.476279543946503e-04
-1.255371540059842e-04
1.483775586246487e-04
-1.469411396344348e-04
1.928676511895595e-04
-1.120416814229381e-04
2.377927352999888e-04
-1.374453326135301e-04
1.936172554195581e-04
-1.334456670513889e-04
3.345510384543567e-04
-1.527308492158816e-04
1.335298241363900e-04
-5.517568838646411e-05
1.398091853331684e-04
-7.769745791462785e-05
1.798873048310126e-04
-4.899891194852343e-05
2.112757930656608e-04
-4.216102160009050e-05
1.861666660277905e-04
-7.152068147668694e-05
3.212978894853191e-04
-7.530598137118004e-05
1.053301589454838e-04
1.525657829568369e-05
1.163493118280719e-04
-6.680839996404090e-06
1.511032884040305e-04
1.379847850061802e-05
1.646496177766440e-04
5.068524550401694e-05
1.621224412866190e-04
-8.138939791469747e-06
2.830501612483353e-04
2.612667518449483e-06
6.525919229471899e-05
8.086273418826808e-05
8.022817158215025e-05
6.094993532407754e-05
1.090077023253694e-04
7.208205873781660e-05
1.012657482753837e-04
1.349829282678089e-04
1.239766816128005e-04
5.216925987362579e-05
2.236531736307810e-04
7.569226216778499e-05
1.554715765688706e-05
1.375838416597953e-04
3.367599806819150e-05
1.208740634713542e-04
5.609264701178745e-05
1.223166250195128e-04
2.447572340433065e-05
2.057324936113919e-04
7.422148742309203e-05
1.056068468310720e-04
1.469522465200344e-04
1.394887731724758e-04
-4.157571149522375e-05
1.821989372994620e-04
-2.107697524101452e-05
1.696087140906595e-04
-5.149777119959609e-06
1.617002010452526e-04
-6.236891799406779e-05
2.590454158059542e-04
1.534895913424991e-05
1.491099778364494e-04
5.679269980346911e-05
1.904469770090388e-04
-1.038791816888251e-04
2.123250319171714e-04
-8.180051487267817e-05
2.045090310479204e-04
-7.222746965311513e-05
1.881640379576980e-04
-1.559166370773635e-04
2.921441764737816e-04
-5.014880283696855e-05
1.803480370884477e-04
-4.298014663153662e-05
2.259004560348666e-04
-1.691330194511253e-04
2.264171105435080e-04
-1.462643873540096e-04
2.237681324297622e-04
-1.426483301709213e-04
2.003726143426097e-04
-2.528158950031071e-04
3.033622645882379e-04
-1.197796980738054e-04
1.977236362288637e-04
-1.485209728976062e-04
2.440715984882133e-04
-2.351069913093357e-04
2.237681324297625e-04
-2.122383592122201e-04
2.264171105435069e-04
-2.139202582566220e-04
1.977236362288650e-04
-3.497151529288507e-04
2.921441764737809e-04
-1.910516261595061e-04
2.003726143426091e-04
-2.559844591073650e-04
2.440715984882140e-04
-2.995708637906672e-04
2.045090310479195e-04
-2.774921969745205e-04
2.123250319171700e-04
-2.835511534934591e-04
1.803480370884468e-04
-4.432628720121465e-04
2.590454158059551e-04
-2.614724866773129e-04
1.881640379576977e-04
-3.615252853734352e-04
2.259004560348656e-04
-3.602944034223331e-04
1.696087140906593e-04
-3.397956671681221e-04
1.821989372994640e-04
-3.490489154646786e-04
1.491099778364492e-04
-5.301075134105472e-04
2.057324936113918e-04
-3.285501792104682e-04
1.617002010452542e-04
-4.612981318084418e-04
1.904469770090397e-04
-4.150473767315331e-04
1.208740634713527e-04
-3.969185363202337e-04
1.375838416597953e-04
-4.079214437535164e-04
1.056068468310708e-04
-6.068975382815968e-04
1.349829282678087e-04
-3.897926033422154e-04
1.223166250195129e-04
-5.514576785250032e-04
1.394887731724748e-04
-4.615995502454949e-04
6.094993532407729e-05
-4.466305709580670e-04
8.086273418826900e-05
-4.576766379432266e-04
5.216925987362560e-05
-6.702814077828588e-04
5.068524550401675e-05
-4.427076586558003e-04
7.208205873781751e-05
-6.281586056357544e-04
7.569226216778533e-05
-4.977206904914175e-04
-6.680839996404035e-06
-4.867015376088308e-04
1.525657829568368e-05
-4.958223976170462e-04
-8.138939791469677e-06
-7.169075830718759e-04
-4.216102160009071e-05
-4.848032447344587e-04
1.379847850061801e-05
-6.875555932533068e-04
2.612667518449483e-06
-5.211805639965115e-04
-7.769745791462721e-05
-5.149012027997362e-04
-5.517568838646431e-05
-5.198666223582174e-04
-7.152068147668668e-05
-7.434245253062006e-04
-1.374453326135294e-04
-5.135872611614412e-04
-4.899891194852365e-05
-7.258033214902915e-04
-7.530598137118013e-05
-5.297489372879924e-04
-1.469411396344339e-04
-5.289993330579923e-04
-1.255371540059832e-04
-5.273172117499878e-04
-1.334456670513892e-04
-5.265676075199886e-04
-1.120416814229386e-04
-7.390564704593291e-04
-1.527308492158818e-04
2.765768144002492e-04
-8.495213203720452e-05
2.757513374561626e-04
-9.858012424617736e-05
3.140405177756810e-04
-6.779925113674677e-05
4.163439611459327e-04
-8.862094584053235e-05
3.132150408315943e-04
-8.142724334571961e-05
4.933109027932835e-04
-8.024469194215606e-05
2.645178517334397e-04
-3.839097705282984e-05
2.706885866423499e-04
-5.258489282404330e-05
3.025474786711123e-04
-3.002324718369477e-05
3.903207999565337e-04
-2.856174011964039e-05
3.087182135800225e-04
-4.421716295490823e-05
4.824834532074547e-04
-3.997684772828221e-05
2.340365495585205e-04
7.856907476354153e-06
2.462040374842851e-04
-5.881650775626891e-06
2.716108189769607e-04
7.332799781439058e-06
3.388555704272223e-04
2.959023631521738e-05
2.837783069027253e-04
-6.405758470541987e-06
4.423284956844365e-04
3.156855378380443e-07
1.880439954025954e-04
5.072767830592818e-05
2.052087775090726e-04
3.830863848827227e-05
2.242987463867107e-04
4.183352717975733e-05
2.661886172813171e-04
8.216865920545100e-05
2.414635284931880e-04
2.941448736210141e-05
3.773579545222576e-04
3.796649021359373e-05
1.294512767927715e-04
8.768122607940857e-05
1.506138942438180e-04
7.728874544478975e-05
1.636794685938499e-04
7.146255954271121e-05
1.765602852421374e-04
1.261738087031233e-04
1.848420860448965e-04
6.107007890809236e-05
2.920837540189502e-04
7.075355159680948e-05
6.116948125615089e-05
1.167011753282446e-04
8.533047521562466e-05
1.088851744589953e-04
9.282119329186050e-05
9.462250851209807e-05
7.421091903300116e-05
1.592725693709492e-04
1.169821872513344e-04
8.680650764284861e-05
1.910178184725382e-04
9.689925792574373e-05
-1.389030368015968e-05
1.362948844718248e-04
1.226960795159825e-05
1.314481637838943e-04
1.479212817423034e-05
1.101349728400670e-04
-3.661913662277204e-05
1.797984301822976e-04
4.095203980598828e-05
1.052882521521364e-04
7.867207218105544e-05
1.150704003790929e-04
-9.281699048905667e-05
1.454934458174664e-04
-6.565762002115600e-05
1.438516855604251e-04
-6.733951906555722e-05
1.172405383891095e-04
-1.516895370018642e-04
1.867514845211894e-04
-4.018014859765669e-05
1.155987781320683e-04
-4.044156055747203e-05
1.243781730759838e-04
-1.726994916434351e-04
1.438516855604261e-04
-1.455401211755341e-04
1.454934458174659e-04
-1.505055407340164e-04
1.155987781320693e-04
-2.667599373809569e-04
1.797984301822981e-04
-1.233461702661155e-04
1.172405383891091e-04
-1.618111554450139e-04
1.243781730759841e-04
-2.506267196161890e-04
1.314481637838936e-04
-2.244668079844315e-04
1.362948844718246e-04
-2.316377291376615e-04
1.052882521521361e-04
-3.775899930367309e-04
1.592725693709498e-04
-2.054778175059036e-04
1.101349728400669e-04
-2.809247881835411e-04
1.150704003790923e-04
-3.236875868802161e-04
1.088851744589951e-04
-2.995265929207426e-04
1.167011753282456e-04
-3.076678765830081e-04
8.680650764284853e-05
-4.799393592458668e-04
1.261738087031232e-04
-2.835068826235351e-04
9.462250851209923e-05
-3.932705344750256e-04
9.689925792574417e-05
-3.889710059084054e-04
7.728874544478887e-05
-3.678083884573627e-04
8.768122607940857e-05
-3.755277753765660e-04
6.107007890809163e-05
-5.695676912850457e-04
8.216865920545089e-05
-3.543651579255232e-04
7.146255954271127e-05
-4.943364700214334e-04
7.075355159680895e-05
-4.435658891736616e-04
3.830863848827211e-05
-4.264011070671899e-04
5.072767830592874e-05
-4.321492178248582e-04
2.941448736210123e-05
-6.422346444309487e-04
2.959023631521720e-05
-4.149844357183872e-04
4.183352717975785e-05
-5.796106705247459e-04
3.796649021359389e-05
-4.845611491488753e-04
-5.881650775626842e-06
-4.723936612231118e-04
7.856907476354142e-06
-4.744639962343975e-04
-6.405758470541937e-06
-6.936998739602625e-04
-2.856174011964046e-05
-4.622965083086331e-04
7.332799781439033e-06
-6.445812116869225e-04
3.156855378380443e-07
-5.090456983069414e-04
-5.258489282404328e-05
-5.028749633980332e-04
-3.839097705283007e-05
-4.994039029116932e-04
-4.421716295490798e-05
-7.197230351496609e-04
-8.862094584053234e-05
-4.932331680027849e-04
-3.002324718369482e-05
-6.847361692099398e-04
-3.997684772828217e-05
-5.141084491207534e-04
-9.858012424617722e-05
-5.149339260648400e-04
-8.495213203720453e-05
-5.039007301632675e-04
-8.142724334571954e-05
-5.047262071073541e-04
-6.779925113674688e-05
-6.955636187957695e-04
-8.024469194215606e-05
3.804902246849915e-04
-3.579969655162374e-05
3.789295805426558e-04
-4.047329409326508e-05
4.089995333930897e-04
-1.681811149245981e-05
5.577381633610494e-04
-3.056593965891320e-05
4.074388892507541e-04
-2.149170903410114e-05
6.142039332492973e-04
8.724439356719293e-20
3.693531306487044e-04
-1.662642933474795e-05
3.755219258024745e-04
-2.147121026753834e-05
3.980336227479517e-04
-7.163222750015646e-06
5.317396912238967e-04
-1.006476789981113e-05
4.042024179017218e-04
-1.200800368280602e-05
6.041109829677988e-04
4.997494388800372e-20
3.374630813029972e-04
2.373229797053128e-06
3.502571101391436e-04
-2.302307499728626e-06
3.659743297662362e-04
2.316118152213306e-06
4.776327331042209e-04
9.726593607207014e-06
3.787683586023824e-04
-2.359419144568432e-06
5.632462151926969e-04
1.719998006712138e-20
2.880977778965281e-04
1.996850620713243e-05
3.064128348013221e-04
1.575026618472355e-05
3.161517290853944e-04
1.101761724310187e-05
4.001020366657754e-04
2.758603677594458e-05
3.344667859901884e-04
6.799377220693002e-06
4.963437556922372e-04
-1.143494478793305e-20
2.245349216779592e-04
3.513811881401713e-05
2.472668010376705e-04
3.161285631555178e-05
2.518958953428824e-04
1.844372732911206e-05
3.038323495723152e-04
4.251365499042253e-05
2.746277747025937e-04
1.491846483064671e-05
4.081377302346707e-04
-3.726944967918921e-20
1.500522138959457e-04
4.707028009140759e-05
1.760967100968457e-04
4.442130197766328e-05
1.765369031761486e-04
2.420164799429235e-05
1.935084194875922e-04
5.373174310487913e-05
2.025813993770486e-04
2.155266988054793e-05
3.033622645882372e-04
-5.251604272976662e-20
6.792735579915110e-05
5.516269606817986e-05
9.618026322750838e-05
5.352093581113959e-05
9.340482722265016e-05
2.800332560027930e-05
7.381499407536245e-05
6.068479744377072e-05
1.216577346510074e-04
2.636156534323903e-05
1.867514845211903e-04
-6.606856988583543e-20
-1.856195136376906e-05
5.902256632838145e-05
1.079516167831721e-05
5.846658401123537e-05
5.829742119835771e-06
2.966545328629487e-05
-5.056317900062138e-05
6.303951580177093e-05
3.518685516192181e-05
2.910947096914896e-05
6.303951580177074e-05
-6.945670167485263e-20
-1.061380063441542e-04
5.846658401123577e-05
-7.678089330206747e-05
5.902256632838125e-05
-8.285827749484031e-05
2.910947096914919e-05
-1.749413520766056e-04
6.068479744377087e-05
-5.350116445275377e-05
2.966545328629477e-05
-6.303951580177090e-05
-1.355252715606881e-19
-1.915231078933439e-04
5.352093581113906e-05
-1.632702004649876e-04
5.516269606817964e-05
-1.693291569839247e-04
2.636156534323879e-05
-2.946347774888347e-04
5.373174310487892e-05
-1.410762495555682e-04
2.800332560027927e-05
-1.867514845211895e-04
-5.421010862427522e-20
-2.714395547626821e-04
4.442130197766315e-05
-2.453950585617831e-04
4.707028009140773e-05
-2.502528217099667e-04
2.155266988054788e-05
-4.049587075735584e-04
4.251365499042249e-05
-2.242083255090681e-04
2.420164799429256e-05
-3.033622645882386e-04
-4.404571325722362e-20
-3.426096457035035e-04
3.161285631555143e-05
-3.198777663437962e-04
3.513811881401710e-05
-3.222991970355084e-04
1.491846483064650e-05
-5.012283946670184e-04
2.758603677594454e-05
-2.995673176758011e-04
1.844372732911209e-05
-4.081377302346681e-04
-3.134021904840911e-20
-4.017556794671581e-04
1.575026618472355e-05
-3.834406225623688e-04
1.996850620713265e-05
-3.821382083231052e-04
6.799377220692971e-06
-5.787590911054644e-04
9.726593607206995e-06
-3.638231514183165e-04
1.101761724310203e-05
-4.963437556922395e-04
-7.623296525288703e-21
-4.455999548049796e-04
-2.302307499728609e-06
-4.328059259688355e-04
2.373229797053130e-06
-4.264397809353000e-04
-2.359419144568414e-06
-6.328660492251399e-04
-1.006476789981116e-05
-4.136457520991552e-04
2.316118152213304e-06
-5.632462151926968e-04
1.719460339313979e-20
-4.708647704683100e-04
-2.147121026753828e-05
-4.646959753145421e-04
-1.662642933474798e-05
-4.518738402346391e-04
-1.200800368280597e-05
-6.588645213622918e-04
-3.056593965891320e-05
-4.457050450808712e-04
-7.163222750015687e-06
-6.041109829677987e-04
4.319868030996932e-20
-4.742724252084922e-04
-4.047329409326504e-05
-4.758330693508281e-04
-3.579969655162374e-05
-4.551103115836722e-04
-2.149170903410111e-05
-4.566709557260082e-04
-1.681811149245984e-05
-6.142039332492973e-04
7.707999820014133e-20
4.566709557260098e-04
1.681811149245993e-05
4.551103115836744e-04
2.149170903410128e-05
4.758330693508255e-04
3.579969655162354e-05
6.588645213622922e-04
3.056593965891319e-05
4.742724252084902e-04
4.047329409326488e-05
6.955636187957681e-04
8.024469194215596e-05
4.457050450808719e-04
7.163222750015706e-06
4.518738402346423e-04
1.200800368280610e-05
4.646959753145385e-04
1.662642933474786e-05
6.328660492251396e-04
1.006476789981113e-05
4.708647704683088e-04
2.147121026753823e-05
6.847361692099391e-04
3.997684772828217e-05
4.136457520991561e-04
-2.316118152213301e-06
4.264397809353028e-04
2.359419144568452e-06
4.328059259688315e-04
-2.373229797053114e-06
5.787590911054636e-04
-9.726593607207010e-06
4.455999548049781e-04
2.302307499728622e-06
6.445812116869210e-04
-3.156855378380297e-07
3.638231514183140e-04
-1.101761724310192e-05
3.821382083231086e-04
-6.799377220693035e-06
3.834406225623622e-04
-1.996850620713231e-05
5.012283946670182e-04
-2.758603677594457e-05
4.017556794671568e-04
-1.575026618472346e-05
5.796106705247418e-04
-3.796649021359363e-05
2.995673176758019e-04
-1.844372732911215e-05
3.222991970355137e-04
-1.491846483064678e-05
3.198777663437940e-04
-3.513811881401691e-05
4.049587075735581e-04
-4.251365499042253e-05
3.426096457035058e-04
-3.161285631555160e-05
4.943364700214354e-04
-7.075355159680933e-05
2.242083255090673e-04
-2.420164799429247e-05
2.502528217099682e-04
-2.155266988054804e-05
2.453950585617804e-04
-4.707028009140732e-05
2.946347774888349e-04
-5.373174310487912e-05
2.714395547626813e-04
-4.442130197766303e-05
3.932705344750228e-04
-9.689925792574354e-05
1.410762495555690e-04
-2.800332560027943e-05
1.693291569839265e-04
-2.636156534323917e-05
1.632702004649871e-04
-5.516269606817953e-05
1.749413520766052e-04
-6.068479744377070e-05
1.915231078933445e-04
-5.352093581113928e-05
2.809247881835416e-04
-1.150704003790926e-04
5.350116445275417e-05
-2.966545328629501e-05
8.285827749484000e-05
-2.910947096914911e-05
7.678089330206732e-05
-5.902256632838112e-05
5.056317900062152e-05
-6.303951580177109e-05
1.061380063441529e-04
-5.846658401123506e-05
1.618111554450131e-04
-1.243781730759835e-04
-3.518685516192222e-05
-2.910947096914956e-05
-5.829742119835744e-06
-2.966545328629515e-05
-1.079516167831720e-05
-5.846658401123539e-05
-7.381499407536249e-05
-6.068479744377103e-05
1.856195136376898e-05
-5.902256632838088e-05
4.044156055747201e-05
-1.243781730759837e-04
-1.216577346510072e-04
-2.636156534323897e-05
-9.340482722265049e-05
-2.800332560027941e-05
-9.618026322750725e-05
-5.352093581113903e-05
-1.935084194875925e-04
-5.373174310487918e-05
-6.792735579915060e-05
-5.516269606817947e-05
-7.867207218105487e-05
-1.150704003790921e-04
-2.025813993770494e-04
-2.155266988054797e-05
-1.765369031761509e-04
-2.420164799429274e-05
-1.760967100968445e-04
-4.442130197766300e-05
-3.038323495723153e-04
-4.251365499042249e-05
-1.500522138959462e-04
-4.707028009140772e-05
-1.910178184725386e-04
-9.689925792574400e-05
-2.746277747025918e-04
-1.491846483064657e-05
-2.518958953428841e-04
-1.844372732911218e-05
-2.472668010376662e-04
-3.161285631555127e-05
-4.001020366657754e-04
-2.758603677594453e-05
-2.245349216779584e-04
-3.513811881401692e-05
-2.920837540189475e-04
-7.075355159680879e-05
-3.344667859901886e-04
-6.799377220692996e-06
-3.161517290853995e-04
-1.101761724310208e-05
-3.064128348013190e-04
-1.575026618472342e-05
-4.776327331042202e-04
-9.726593607206970e-06
-2.880977778965298e-04
-1.996850620713254e-05
-3.773579545222584e-04
-3.796649021359381e-05
-3.787683586023834e-04
2.359419144568434e-06
-3.659743297662384e-04
-2.316118152213299e-06
-3.502571101391411e-04
2.302307499728604e-06
-5.317396912238970e-04
1.006476789981116e-05
-3.374630813029962e-04
-2.373229797053113e-06
-4.423284956844354e-04
-3.156855378380296e-07
-4.042024179017226e-04
1.200800368280604e-05
-3.980336227479547e-04
7.163222750015743e-06
-3.755219258024715e-04
2.147121026753818e-05
-5.577381633610490e-04
3.056593965891318e-05
-3.693531306487036e-04
1.662642933474792e-05
-4.824834532074539e-04
3.997684772828222e-05
-4.074388892507556e-04
2.149170903410123e-05
-4.089995333930918e-04
1.681811149245996e-05
-3.789295805426536e-04
4.047329409326487e-05
-3.804902246849899e-04
3.579969655162358e-05
-4.933109027932824e-04
8.024469194215593e-05
5.047262071073532e-04
6.779925113674677e-05
5.039007301632674e-04
8.142724334571962e-05
5.149339260648418e-04
8.495213203720477e-05
7.197230351496631e-04
8.862094584053255e-05
5.141084491207549e-04
9.858012424617748e-05
7.390564704593274e-04
1.527308492158815e-04
4.932331680027845e-04
3.002324718369476e-05
4.994039029116956e-04
4.421716295490826e-05
5.028749633980311e-04
3.839097705282988e-05
6.936998739602624e-04
2.856174011964038e-05
5.090456983069432e-04
5.258489282404347e-05
7.258033214902899e-04
7.530598137118000e-05
4.622965083086329e-04
-7.332799781439049e-06
4.744639962343984e-04
6.405758470541997e-06
4.723936612231115e-04
-7.856907476354160e-06
6.422346444309511e-04
-2.959023631521739e-05
4.845611491488770e-04
5.881650775626885e-06
6.875555932533061e-04
-2.612667518449444e-06
4.149844357183822e-04
-4.183352717975730e-05
4.321492178248610e-04
-2.941448736210140e-05
4.264011070671856e-04
-5.072767830592819e-05
5.695676912850457e-04
-8.216865920545101e-05
4.435658891736644e-04
-3.830863848827232e-05
6.281586056357509e-04
-7.569226216778488e-05
3.543651579255221e-04
-7.146255954271116e-05
3.755277753765701e-04
-6.107007890809235e-05
3.678083884573625e-04
-8.768122607940860e-05
4.799393592458665e-04
-1.261738087031234e-04
3.889710059084105e-04
-7.728874544478984e-05
5.514576785250061e-04
-1.394887731724756e-04
2.835068826235315e-04
-9.462250851209798e-05
3.076678765830081e-04
-8.680650764284858e-05
2.995265929207403e-04
-1.167011753282446e-04
3.775899930367294e-04
-1.592725693709492e-04
3.236875868802169e-04
-1.088851744589954e-04
4.612981318084392e-04
-1.904469770090387e-04
2.054778175059035e-04
-1.101349728400669e-04
2.316377291376620e-04
-1.052882521521364e-04
2.244668079844321e-04
-1.362948844718249e-04
2.667599373809563e-04
-1.797984301822976e-04
2.506267196161906e-04
-1.314481637838944e-04
3.615252853734364e-04
-2.259004560348664e-04
1.233461702661158e-04
-1.172405383891094e-04
1.505055407340151e-04
-1.155987781320683e-04
1.455401211755348e-04
-1.454934458174665e-04
1.516895370018643e-04
-1.867514845211894e-04
1.726994916434340e-04
-1.438516855604252e-04
2.559844591073640e-04
-2.440715984882131e-04
4.018014859765691e-05
-1.155987781320691e-04
6.733951906555696e-05
-1.172405383891090e-04
6.565762002115657e-05
-1.438516855604262e-04
3.661913662277217e-05
-1.797984301822981e-04
9.281699048905652e-05
-1.454934458174661e-04
1.485209728976065e-04
-2.440715984882140e-04
-4.095203980598805e-05
-1.052882521521357e-04
-1.479212817423026e-05
-1.101349728400668e-04
-1.226960795159807e-05
-1.314481637838937e-04
-7.421091903300132e-05
-1.592725693709494e-04
1.389030368015973e-05
-1.362948844718248e-04
4.298014663153629e-05
-2.259004560348654e-04
-1.169821872513342e-04
-8.680650764284838e-05
-9.282119329186106e-05
-9.462250851209893e-05
-8.533047521562455e-05
-1.088851744589952e-04
-1.765602852421377e-04
-1.261738087031232e-04
-6.116948125615141e-05
-1.167011753282457e-04
-5.679269980346940e-05
-1.904469770090395e-04
-1.848420860448942e-04
-6.107007890809155e-05
-1.636794685938499e-04
-7.146255954271124e-05
-1.506138942438162e-04
-7.728874544478894e-05
-2.661886172813172e-04
-8.216865920545089e-05
-1.294512767927719e-04
-8.768122607940868e-05
-1.469522465200333e-04
-1.394887731724746e-04
-2.414635284931866e-04
-2.941448736210126e-05
-2.242987463867129e-04
-4.183352717975784e-05
-2.052087775090717e-04
-3.830863848827219e-05
-3.388555704272218e-04
-2.959023631521727e-05
-1.880439954025977e-04
-5.072767830592882e-05
-2.236531736307818e-04
-7.569226216778521e-05
-2.837783069027244e-04
6.405758470541942e-06
-2.716108189769608e-04
-7.332799781439048e-06
-2.462040374842847e-04
5.881650775626830e-06
-3.903207999565338e-04
2.856174011964046e-05
-2.340365495585211e-04
-7.856907476354160e-06
-2.830501612483351e-04
-2.612667518449444e-06
-3.087182135800223e-04
4.421716295490817e-05
-3.025474786711137e-04
3.002324718369497e-05
-2.706885866423487e-04
5.258489282404302e-05
-4.163439611459324e-04
8.862094584053234e-05
-2.645178517334400e-04
3.839097705282987e-05
-3.212978894853185e-04
7.530598137117992e-05
-3.132150408315938e-04
8.142724334571943e-05
-3.140405177756808e-04
6.779925113674682e-05
-2.757513374561627e-04
9.858012424617732e-05
-2.765768144002498e-04
8.495213203720467e-05
-3.345510384543560e-04
1.527308492158813e-04
5.265676075199828e-04
1.120416814229375e-04
5.273172117499841e-04
1.334456670513885e-04
5.289993330579955e-04
1.255371540059838e-04
7.434245253061994e-04
1.374453326135291e-04
5.297489372879967e-04
1.469411396344350e-04
7.496820213198724e-04
2.096999371527468e-04
5.135872611614373e-04
4.899891194852327e-05
5.198666223582153e-04
7.152068147668657e-05
5.149012027997370e-04
5.517568838646431e-05
7.169075830718759e-04
4.216102160009059e-05
5.211805639965150e-04
7.769745791462768e-05
7.316453684780954e-04
1.013396868433095e-04
4.848032447344556e-04
-1.379847850061794e-05
4.958223976170454e-04
8.138939791469781e-06
4.867015376088305e-04
-1.525657829568372e-05
6.702814077828583e-04
-5.068524550401684e-05
4.977206904914204e-04
6.680839996404074e-06
6.958356841504432e-04
-8.872242384607676e-06
4.427076586557936e-04
-7.208205873781636e-05
4.576766379432270e-04
-5.216925987362558e-05
4.466305709580647e-04
-8.086273418826849e-05
6.068975382815985e-04
-1.349829282678092e-04
4.615995502454981e-04
-6.094993532407766e-05
6.449872808732029e-04
-1.129365976031717e-04
3.897926033422130e-04
-1.223166250195123e-04
4.079214437535199e-04
-1.056068468310717e-04
3.969185363202338e-04
-1.375838416597955e-04
5.301075134105457e-04
-2.057324936113914e-04
4.150473767315407e-04
-1.208740634713549e-04
5.818344711826687e-04
-2.041873347058565e-04
3.285501792104640e-04
-1.617002010452521e-04
3.490489154646778e-04
-1.491099778364489e-04
3.397956671681203e-04
-1.821989372994629e-04
4.432628720121459e-04
-2.590454158059547e-04
3.602944034223341e-04
-1.696087140906597e-04
5.091115676151192e-04
-2.772916184074375e-04
2.614724866773122e-04
-1.881640379576973e-04
2.835511534934597e-04
-1.803480370884472e-04
2.774921969745228e-04
-2.123250319171716e-04
3.497151529288507e-04
-2.921441764737809e-04
2.995708637906704e-04
-2.045090310479215e-04
4.295528827068543e-04
-3.282498222440034e-04
1.910516261595059e-04
-2.003726143426090e-04
2.139202582566197e-04
-1.977236362288630e-04
2.122383592122218e-04
-2.264171105435085e-04
2.528158950031071e-04
-3.033622645882379e-04
2.351069913093356e-04
-2.237681324297624e-04
3.458927289941506e-04
-3.543955285729358e-04
1.197796980738061e-04
-1.977236362288649e-04
1.426483301709207e-04
-2.003726143426090e-04
1.462643873540103e-04
-2.237681324297632e-04
1.559166370773635e-04
-2.921441764737817e-04
1.691330194511249e-04
-2.264171105435072e-04
2.608654190133061e-04
-3.543955285729363e-04
5.014880283696800e-05
-1.803480370884460e-04
7.222746965311480e-05
-1.881640379576971e-04
8.180051487267833e-05
-2.045090310479204e-04
6.236891799406794e-05
-2.590454158059551e-04
1.038791816888252e-04
-2.123250319171715e-04
1.772052653006056e-04
-3.282498222440020e-04
-1.534895913424997e-05
-1.491099778364486e-04
5.149777119959847e-06
-1.617002010452537e-04
2.107697524101462e-05
-1.696087140906595e-04
-2.447572340433084e-05
-2.057324936113913e-04
4.157571149522444e-05
-1.821989372994646e-04
9.764658039233778e-05
-2.772916184074388e-04
-7.422148742309102e-05
-1.056068468310704e-04
-5.609264701178725e-05
-1.223166250195124e-04
-3.367599806819109e-05
-1.208740634713535e-04
-1.012657482753841e-04
-1.349829282678090e-04
-1.554715765688713e-05
-1.375838416597956e-04
2.492367682479050e-05
-2.041873347058550e-04
-1.239766816127994e-04
-5.216925987362534e-05
-1.090077023253700e-04
-7.208205873781728e-05
-8.022817158214983e-05
-6.094993532407747e-05
-1.646496177766435e-04
-5.068524550401663e-05
-6.525919229472012e-05
-8.086273418826952e-05
-3.822913286574649e-05
-1.129365976031722e-04
-1.621224412866180e-04
8.138939791469699e-06
-1.511032884040300e-04
-1.379847850061795e-05
-1.163493118280722e-04
6.680839996403990e-06
-2.112757930656613e-04
4.216102160009071e-05
-1.053301589454842e-04
-1.525657829568374e-05
-8.907753614298530e-05
-8.872242384607674e-06
-1.861666660277892e-04
7.152068147668646e-05
-1.798873048310123e-04
4.899891194852347e-05
-1.398091853331682e-04
7.769745791462764e-05
-2.377927352999883e-04
1.374453326135297e-04
-1.335298241363911e-04
5.517568838646457e-05
-1.248872204706374e-04
1.013396868433095e-04
-1.936172554195567e-04
1.334456670513879e-04
-1.928676511895582e-04
1.120416814229375e-04
-1.483775586246496e-04
1.469411396344353e-04
-1.476279543946512e-04
1.255371540059848e-04
-1.429238733124145e-04
2.096999371527468e-04
5.264112147617846e-04
1.444433613927351e-04
5.297853076968795e-04
1.716593383609077e-04
5.230309489600710e-04
1.524527214996625e-04
7.361906329980102e-04
1.708853537054913e-04
5.264050418951668e-04
1.796686984678354e-04
7.357728265105575e-04
2.433934210843206e-04
5.104072750779830e-04
6.113548502673571e-05
5.171114426505327e-04
9.028297317606099e-05
5.050954980951176e-04
6.402583131788497e-05
7.078220118452017e-04
4.759748518157574e-05
5.117996656676665e-04
9.317331946721009e-05
7.094838579554221e-04
1.134302500592859e-04
4.842298046210468e-04
-2.283481771974401e-05
4.937883218828406e-04
5.861192420629500e-06
4.793695056471331e-04
-2.569390566503556e-05
6.673434105655369e-04
-7.383253216079803e-05
4.889280229089268e-04
3.002104475337947e-06
6.755320248093115e-04
-2.107570657908596e-05
4.494805561982418e-04
-1.013660470522624e-04
4.614176982010744e-04
-7.513789038939017e-05
4.470881107018287e-04
-1.099765089891353e-04
6.167731591801573e-04
-1.848499417182538e-04
4.590252527046612e-04
-8.374835232626308e-05
6.350962293169894e-04
-1.494587782603510e-04
4.077612826168397e-04
-1.694041709522491e-04
4.216013244125020e-04
-1.472936295138727e-04
4.094864523449220e-04
-1.832442127479090e-04
5.581295877102064e-04
-2.784553971789383e-04
4.233264941405844e-04
-1.611336713095326e-04
5.893553737232267e-04
-2.628309061758078e-04
3.606737366841009e-04
-2.229426251769992e-04
3.759409533243876e-04
-2.062328469885607e-04
3.677996696621192e-04
-2.410714655883037e-04
4.934310261768248e-04
-3.492049625225194e-04
3.830668863024060e-04
-2.243616873998652e-04
5.394883602727794e-04
-3.540816432784903e-04
3.098196712073028e-04
-2.590223132596867e-04
3.260383377440012e-04
-2.486298326250682e-04
3.232629017391432e-04
-2.801849307107328e-04
4.246958046011589e-04
-3.932101120201914e-04
3.394815682758416e-04
-2.697924500761143e-04
4.866740912104247e-04
-4.178781542831833e-04
2.568008389937032e-04
-2.757316065093426e-04
2.734952304786065e-04
-2.722063440108754e-04
2.771112876616974e-04
-2.984634858690528e-04
3.539422530043500e-04
-4.081377302346699e-04
2.938056791466006e-04
-2.949382233705855e-04
4.320914687809150e-04
-4.506652156663958e-04
2.032189928505742e-04
-2.722063440108773e-04
2.199133843354783e-04
-2.757316065093419e-04
2.305799665154993e-04
-2.949382233705876e-04
2.831887014075412e-04
-3.932101120201924e-04
2.472743580004033e-04
-2.984634858690521e-04
3.769193952290269e-04
-4.506652156663969e-04
1.506758855851821e-04
-2.486298326250667e-04
1.668945521218799e-04
-2.590223132596866e-04
1.849040773862608e-04
-2.697924500761128e-04
2.144534798318746e-04
-3.492049625225197e-04
2.011227439229586e-04
-2.801849307107327e-04
3.223367727995206e-04
-4.178781542831815e-04
1.007732700047960e-04
-2.062328469885602e-04
1.160404866450783e-04
-2.229426251770013e-04
1.413187593596968e-04
-2.243616873998649e-04
1.497549182984944e-04
-2.784553971789381e-04
1.565859759999790e-04
-2.410714655883060e-04
2.695225037371630e-04
-3.540816432784920e-04
5.511289891668138e-05
-1.472936295138708e-04
6.895294071234163e-05
-1.694041709522492e-04
1.010591515215179e-04
-1.611336713095307e-04
9.111134682854283e-05
-1.848499417182535e-04
1.148991933171783e-04
-1.832442127479092e-04
2.196554902867167e-04
-2.628309061758058e-04
1.529652512810810e-05
-7.513789038938982e-05
2.723366713093815e-05
-1.013660470522637e-04
6.536039295744020e-05
-8.374835232626279e-05
4.054109544316329e-05
-7.383253216079774e-05
7.729753496027051e-05
-1.099765089891367e-04
1.739146346929528e-04
-1.494587782603517e-04
-1.707409855365777e-05
5.861192420629411e-06
-7.515581291865749e-06
-2.283481771974402e-05
3.545762275317499e-05
3.002104475337851e-06
6.249416349868296e-08
4.759748518157590e-05
4.501614001496700e-05
-2.569390566503558e-05
1.334788392006316e-04
-2.107570657908596e-05
-4.039721932134841e-05
9.028297317606038e-05
-3.369305174880163e-05
6.113548502673585e-05
1.258597999443551e-05
9.317331946720976e-05
-2.830612698930816e-05
1.708853537054909e-04
1.929014756698234e-05
6.402583131788524e-05
9.952700605452084e-05
1.134302500592859e-04
-5.307108436769619e-05
1.716593383609068e-04
-4.969699143260200e-05
1.444433613927344e-04
-2.019396233064897e-06
1.796686984678358e-04
1.354696702029231e-06
1.524527214996632e-04
7.323803749938564e-05
2.433934210843208e-04
5.107775157375340e-04
1.599022500878375e-04
5.181397452414972e-04
1.901806154840743e-04
5.043348615077566e-04
1.605967935599410e-04
7.073538199742149e-04
1.827872628440009e-04
5.116970910117208e-04
1.908751589561781e-04
7.089944632178088e-04
2.460527663421737e-04
4.893233490477147e-04
6.347823440056537e-05
4.970827434166950e-04
9.686845198094823e-05
4.797688426337918e-04
6.198667382932609e-05
6.744424132080725e-04
4.160600370450979e-05
4.875282370027712e-04
9.537689140970877e-05
6.694289568171736e-04
1.069299569337255e-04
4.653159796542129e-04
-3.556348084881101e-05
4.734158010503509e-04
-2.125254328701146e-06
4.557134643005628e-04
-4.029055299440368e-05
6.400866968855144e-04
-9.985300727275367e-05
4.638132856967008e-04
-6.852326474293810e-06
6.351993718332909e-04
-4.120435654465770e-05
4.391525724220442e-04
-1.292883272580775e-04
4.475360830074814e-04
-9.839457454351879e-05
4.320945308739445e-04
-1.376718378435120e-04
6.045273892659442e-04
-2.305907973120192e-04
4.404780414593817e-04
-1.067780851289533e-04
6.054847972789667e-04
-1.850180858799209e-04
4.112302922162307e-04
-2.111234445336528e-04
4.198407541531059e-04
-1.848952878707811e-04
4.088378467198175e-04
-2.230605865364827e-04
5.680052086087654e-04
-3.416082068694754e-04
4.174483086566928e-04
-1.968324298736110e-04
5.794643221670138e-04
-3.134011575611874e-04
3.819463039017821e-04
-2.758576804905812e-04
3.907269793522384e-04
-2.559448816263932e-04
3.858692162040505e-04
-2.908266597780120e-04
5.307608731733775e-04
-4.259058896332668e-04
3.946498916545069e-04
-2.709138609138241e-04
5.563170355102299e-04
-4.174655127797500e-04
3.516977723437264e-04
-3.196415910525485e-04
3.605919234698984e-04
-3.072225512348932e-04
3.631144436925300e-04
-3.368063731590251e-04
4.930351012191862e-04
-4.784843125235003e-04
3.720085948187019e-04
-3.243873333413697e-04
5.352220263214342e-04
-4.905451074290888e-04
3.208818624070704e-04
-3.399874402518558e-04
3.298327513710990e-04
-3.357692002294449e-04
3.404993335511212e-04
-3.583024971566488e-04
4.550686110055928e-04
-4.963437556922384e-04
3.494502225151496e-04
-3.540842571342376e-04
5.153583836134202e-04
-5.281959121048411e-04
2.898957389568362e-04
-3.357692002294470e-04
2.988466279208656e-04
-3.399874402518549e-04
3.179496901457050e-04
-3.540842571342401e-04
4.171021207919997e-04
-4.784843125235015e-04
3.269005791097343e-04
-3.583024971566478e-04
4.959051963990075e-04
-5.281959121048424e-04
2.591365668580394e-04
-3.072225512348912e-04
2.680307179842110e-04
-3.196415910525482e-04
2.953913178421554e-04
-3.243873333413679e-04
3.793763488378078e-04
-4.259058896332672e-04
3.042854689683269e-04
-3.368063731590249e-04
4.760415536909971e-04
-4.905451074290867e-04
2.290015109757001e-04
-2.559448816263927e-04
2.377821864261516e-04
-2.758576804905838e-04
2.727500210063511e-04
-2.709138609138236e-04
3.421320134024215e-04
-3.416082068694751e-04
2.815306964568025e-04
-2.908266597780148e-04
4.549465445021987e-04
-4.174655127797518e-04
1.998877361748308e-04
-1.848952878707787e-04
2.084981981117053e-04
-2.111234445336530e-04
2.499516040041630e-04
-1.968324298736086e-04
3.056098327452416e-04
-2.305907973120189e-04
2.585620659410378e-04
-2.230605865364830e-04
4.317992578454144e-04
-3.134011575611852e-04
1.721924073204549e-04
-9.839457454351836e-05
1.805759179058913e-04
-1.292883272580792e-04
2.269218712014746e-04
-1.067780851289532e-04
2.700505251256719e-04
-9.985300727275359e-05
2.353053817869108e-04
-1.376718378435139e-04
4.057787827334617e-04
-1.850180858799218e-04
1.463126892775862e-04
-2.125254328701227e-06
1.544125106737229e-04
-3.556348084881109e-05
2.035866269641548e-04
-6.852326474293866e-06
2.356948088031124e-04
4.160600370450978e-05
2.116864483602926e-04
-4.029055299440382e-05
3.760642081791379e-04
-4.120435654465770e-05
1.226457469112420e-04
9.686845198094785e-05
1.304051412802209e-04
6.347823440056552e-05
1.798716756580842e-04
9.537689140970884e-05
2.027834020369699e-04
1.827872628440017e-04
1.876310700270622e-04
6.198667382932613e-05
3.418346231952553e-04
1.069299569337255e-04
1.015887450864402e-04
1.901806154840739e-04
1.089509745904014e-04
1.599022500878377e-04
1.557028216491358e-04
1.908751589561781e-04
1.630650511530972e-04
1.605967935599422e-04
3.022691167946198e-04
2.460527663421736e-04
4.884914264589429e-04
1.533163065499482e-04
5.016244275058914e-04
1.831218566306878e-04
4.825215875446624e-04
1.448673292285217e-04
6.693573685670128e-04
1.669973137566469e-04
4.956545885916118e-04
1.746728793092615e-04
6.843455306813121e-04
2.099194382578750e-04
4.579558111400886e-04
5.307242805224673e-05
4.678198398365119e-04
8.764153181926838e-05
4.472224185395270e-04
4.610348390302167e-05
6.274344577309323e-04
2.092145000930673e-05
4.570864472359495e-04
8.067258767004317e-05
6.244794510710768e-04
7.719109338124360e-05
4.344775099611577e-04
-5.310613129781287e-05
4.415395623571283e-04
-1.751817114324437e-05
4.227252609730488e-04
-6.016818369378197e-05
5.973993255514935e-04
-1.295675818270765e-04
4.297873133690195e-04
-2.458022353921347e-05
5.858366979981506e-04
-7.123948872409636e-05
4.169348595121545e-04
-1.554517344902447e-04
4.216619316577498e-04
-1.220135079701357e-04
4.073323441585044e-04
-1.635515558863811e-04
5.772706755859219e-04
-2.710265928043400e-04
4.120594163040997e-04
-1.301133293662722e-04
5.651521443029463e-04
-2.193738022024790e-04
4.042061963830890e-04
-2.458726929564564e-04
4.070652843283831e-04
-2.171766828160842e-04
3.993458974091752e-04
-2.554312102182487e-04
5.650672113914442e-04
-3.924566101467143e-04
4.022049853544693e-04
-2.267352000778766e-04
5.591606628258829e-04
-3.538797588408523e-04
3.951698571639603e-04
-3.179532665692416e-04
3.966279569590308e-04
-2.960158482771577e-04
3.970681500383322e-04
-3.289724194518302e-04
5.588076365252846e-04
-4.853028772508206e-04
3.985262498334028e-04
-3.070350011597463e-04
5.645971264073655e-04
-4.640916880687675e-04
3.887041784447853e-04
-3.669536636427979e-04
3.892282861397016e-04
-3.532151053908179e-04
3.988013313592641e-04
-3.791211515685623e-04
5.565106545446733e-04
-5.434548536856782e-04
3.993254390541803e-04
-3.653825933165823e-04
5.781964078878196e-04
-5.420103369584005e-04
3.836874968155590e-04
-3.898100409326968e-04
3.837446084603966e-04
-3.851345036359128e-04
4.028476706852372e-04
-4.026040697688427e-04
5.561949690068356e-04
-5.632462151926969e-04
4.029047823300747e-04
-3.979285324720586e-04
5.966933801076447e-04
-5.823028702245168e-04
3.789981488662930e-04
-3.851345036359154e-04
3.790552605111314e-04
-3.898100409326958e-04
4.075093973295347e-04
-3.979285324720614e-04
5.558792834689985e-04
-5.434548536856796e-04
4.075665089743731e-04
-4.026040697688417e-04
6.168229159072686e-04
-5.823028702245184e-04
3.735144711869909e-04
-3.532151053908157e-04
3.740385788819068e-04
-3.669536636427976e-04
4.110887406054329e-04
-3.653825933165812e-04
5.535823014883878e-04
-4.853028772508221e-04
4.116128483003480e-04
-3.791211515685624e-04
6.353198881270977e-04
-5.420103369583979e-04
3.661148003676625e-04
-2.960158482771570e-04
3.675729001627280e-04
-3.179532665692446e-04
4.118879298262106e-04
-3.070350011597460e-04
5.473227266222289e-04
-3.924566101467140e-04
4.133460296212768e-04
-3.289724194518342e-04
6.489191696075495e-04
-4.640916880687696e-04
3.556774729983071e-04
-2.171766828160815e-04
3.585365609436015e-04
-2.458726929564566e-04
4.082091943051403e-04
-2.267352000778739e-04
5.351192624277498e-04
-2.710265928043396e-04
4.110682822504349e-04
-2.554312102182490e-04
6.543556331890301e-04
-3.538797588408497e-04
3.410808256689394e-04
-1.220135079701348e-04
3.458078978145365e-04
-1.554517344902465e-04
3.983547633555091e-04
-1.301133293662714e-04
5.149906124621753e-04
-1.295675818270755e-04
4.030818355011067e-04
-1.635515558863831e-04
6.483641517119687e-04
-2.193738022024801e-04
3.212031949695645e-04
-1.751817114324447e-05
3.282652473655320e-04
-5.310613129781283e-05
3.806268662905916e-04
-2.458022353921350e-05
4.849554802827418e-04
2.092145000930702e-05
3.876889186865601e-04
-6.016818369378191e-05
6.276795980167641e-04
-7.123948872409635e-05
2.949229174901802e-04
8.764153181926766e-05
3.047869461866036e-04
5.307242805224711e-05
3.533277324236617e-04
8.067258767004283e-05
4.430325694466592e-04
1.669973137566462e-04
3.631917611200835e-04
4.610348390302193e-05
5.890368449438379e-04
7.719109338124363e-05
2.611183298208007e-04
1.831218566306872e-04
2.742513308677474e-04
1.533163065499474e-04
3.147595910680001e-04
1.746728793092613e-04
3.278925921149472e-04
1.448673292285219e-04
5.291707653336023e-04
2.099194382578749e-04
4.706822920446221e-04
1.195834898207659e-04
4.918924334966120e-04
1.445954200105461e-04
4.695060730213025e-04
1.001622875471037e-04
6.377553816916228e-04
1.173617601710120e-04
4.907162144732924e-04
1.251742177368838e-04
6.801576501940170e-04
1.272349021629940e-04
4.259151781987085e-04
2.696333396401346e-05
4.394569826415181e-04
5.896662661893894e-05
4.177475967102431e-04
1.342152952120545e-05
5.801302336268352e-04
-1.772130306361946e-05
4.312894011530527e-04
4.542482217613093e-05
5.905227458376883e-04
1.956594531645593e-05
3.998060841104754e-04
-7.658443247674350e-05
4.067750282597018e-04
-4.201532870972252e-05
3.890726915099139e-04
-8.644846117316435e-05
5.503913700743534e-04
-1.637971668109592e-04
3.960416356591404e-04
-5.187935740614338e-05
5.408871922520537e-04
-1.131623995601753e-04
3.894002777621554e-04
-1.794591038837465e-04
3.908918383333973e-04
-1.460688863033651e-04
3.798457713482326e-04
-1.872184982527254e-04
5.438910769487929e-04
-3.049784259504508e-04
3.813373319194745e-04
-1.538282806723440e-04
5.250972431646978e-04
-2.522852089686229e-04
3.917430271359864e-04
-2.720501634133922e-04
3.888526808448397e-04
-2.429026752640689e-04
3.864312501531214e-04
-2.787543309859394e-04
5.559816401647700e-04
-4.282662944743664e-04
3.835409038619747e-04
-2.496068428366161e-04
5.369991523032105e-04
-3.822483799936591e-04
4.038796002141959e-04
-3.467372829962236e-04
3.977028237762602e-04
-3.242155134680644e-04
4.051935418524925e-04
-3.530166441930015e-04
5.820153456368980e-04
-5.235506054878044e-04
3.990167654145568e-04
-3.304948746648424e-04
5.704391733951692e-04
-4.906086303030945e-04
4.228552649790288e-04
-3.978903233369496e-04
4.144875351098949e-04
-3.836964075657373e-04
4.324970603742754e-04
-4.040610582458596e-04
6.173444792797958e-04
-5.836098112086962e-04
4.241293305051415e-04
-3.898671424746473e-04
6.192635601681706e-04
-5.680334981477996e-04
4.457152894127074e-04
-4.218693339144126e-04
4.362520828279725e-04
-4.170245529816198e-04
4.647062196463771e-04
-4.280381290681822e-04
6.573213270080784e-04
-6.041109829677988e-04
4.552430130616421e-04
-4.231933481353893e-04
6.773185663497853e-04
-6.083013423616693e-04
4.695049414974714e-04
-4.170245529816226e-04
4.600417349127374e-04
-4.218693339144114e-04
4.981854335967220e-04
-4.231933481353923e-04
6.972981747363619e-04
-5.836098112086978e-04
4.887222270119879e-04
-4.280381290681811e-04
7.384504456676143e-04
-6.083013423616717e-04
4.912694892155506e-04
-3.836964075657339e-04
4.829017593464178e-04
-3.978903233369489e-04
5.292991161532254e-04
-3.898671424746450e-04
7.326273083792573e-04
-5.235506054878038e-04
5.209313862840916e-04
-4.040610582458594e-04
7.965054518492326e-04
-5.680334981477970e-04
5.080542005491878e-04
-3.242155134680636e-04
5.018774241112455e-04
-3.467372829962259e-04
5.544116812438117e-04
-3.304948746648418e-04
7.586610138513891e-04
-4.282662944743662e-04
5.482349048058703e-04
-3.530166441930048e-04
8.453298386222319e-04
-4.906086303030966e-04
5.169043434806037e-04
-2.429026752640659e-04
5.140139971894586e-04
-2.720501634133925e-04
5.698875427963886e-04
-2.496068428366132e-04
7.707515770673645e-04
-3.049784259504504e-04
5.669971965052438e-04
-2.787543309859398e-04
8.787698597141873e-04
-3.822483799936563e-04
5.148651859920482e-04
-1.460688863033648e-04
5.163567465632920e-04
-1.794591038837488e-04
5.720911147388899e-04
-1.538282806723433e-04
7.642512839418050e-04
-1.637971668109592e-04
5.735826753101350e-04
-1.872184982527277e-04
8.906717688527036e-04
-2.522852089686240e-04
4.989819960657441e-04
-4.201532870972250e-05
5.059509402149710e-04
-7.658443247674385e-05
5.573868109992255e-04
-5.187935740614338e-05
7.345124203893225e-04
-1.772130306361930e-05
5.643557551484515e-04
-8.644846117316459e-05
8.748818197653467e-04
-1.131623995601753e-04
4.663000416839274e-04
5.896662661893868e-05
4.798418461267367e-04
2.696333396401353e-05
5.221390455053132e-04
4.542482217613072e-05
6.768872723245342e-04
1.173617601710120e-04
5.356808499481225e-04
1.342152952120556e-05
8.252462661797121e-04
1.956594531645595e-05
4.138645908288344e-04
1.445954200105458e-04
4.350747322808219e-04
1.195834898207660e-04
4.627122321850744e-04
1.251742177368836e-04
4.839223736370618e-04
1.001622875471039e-04
7.356113618233833e-04
1.272349021629940e-04
4.707838867201058e-04
5.360175894199323e-05
5.030060181047120e-04
6.871366383344815e-05
4.795076929951111e-04
2.137962755738896e-05
6.312127828463276e-04
2.772685581468320e-05
5.117298243797173e-04
3.649153244884389e-05
4.048021558413331e-04
-1.780377988190027e-05
4.242233581149970e-04
7.208150307879293e-06
4.036259368180134e-04
-3.901392133388836e-05
5.485282467514468e-04
-7.758738267385484e-05
4.230471390916773e-04
-1.400199114410879e-05
3.710693391121512e-04
-1.071200477955968e-04
3.795183164335790e-04
-7.731449771485787e-05
3.650995001978719e-04
-1.202530488425446e-04
5.123949186671480e-04
-2.033626732115945e-04
3.735484775192996e-04
-9.044749876180572e-05
3.644833955742606e-04
-2.009132705735658e-04
3.637888521021591e-04
-1.706349051773310e-04
3.580407413444850e-04
-2.082755000775279e-04
5.150542639250010e-04
-3.312673945055860e-04
3.573461978723828e-04
-1.779971346812926e-04
3.799422842693645e-04
-2.880541030971927e-04
3.719329241624390e-04
-2.608381261290219e-04
3.765620184676519e-04
-2.914281960322872e-04
5.487477478565757e-04
-4.463029473161435e-04
3.685526583607258e-04
-2.642122190641160e-04
4.123439642391586e-04
-3.597176293547705e-04
3.988484916561178e-04
-3.383136437263242e-04
4.147756897771690e-04
-3.604672335847700e-04
6.057168357934393e-04
-5.368037544568418e-04
4.012802171941274e-04
-3.390632479563231e-04
4.565863945253537e-04
-4.093833624415180e-04
4.394335136248973e-04
-3.957553702325467e-04
4.667941134828401e-04
-4.085578854974303e-04
6.782029930671648e-04
-5.944372607945253e-04
4.496412325823838e-04
-3.949298932884589e-04
5.075675341696404e-04
-4.328352445595505e-04
4.885859491104742e-04
-4.281616470179071e-04
5.267296477944595e-04
-4.312746004172146e-04
7.584476850093213e-04
-6.142039332492973e-04
5.077480627352940e-04
-4.266010028755719e-04
5.601853422137260e-04
-4.281616470179109e-04
5.412037571545604e-04
-4.328352445595507e-04
5.886946509218245e-04
-4.266010028755724e-04
8.386923769514788e-04
-5.944372607945267e-04
5.697130658626587e-04
-4.312746004172121e-04
6.093377776993038e-04
-3.957553702325444e-04
5.921848967988474e-04
-4.093833624415180e-04
6.468014810747369e-04
-3.949298932884577e-04
9.111785342252034e-04
-5.368037544568425e-04
6.296486001742806e-04
-4.085578854974313e-04
6.499227996680848e-04
-3.383136437263234e-04
6.364273270850389e-04
-3.597176293547736e-04
6.951624964629947e-04
-3.390632479563216e-04
9.681476221620696e-04
-4.463029473161433e-04
6.816670238799498e-04
-3.604672335847725e-04
6.768383671617577e-04
-2.608381261290189e-04
6.688290070548356e-04
-2.880541030971933e-04
7.278900552963922e-04
-2.642122190641143e-04
1.001841106093642e-03
-3.312673945055856e-04
7.198806951894702e-04
-2.914281960322888e-04
6.849824392220387e-04
-1.706349051773301e-04
6.842878957499419e-04
-2.009132705735680e-04
7.390965157847355e-04
-1.779971346812918e-04
1.004500451351494e-03
-2.033626732115941e-04
7.384019723126376e-04
-2.082755000775294e-04
6.692529748906208e-04
-7.731449771485769e-05
6.777019522120481e-04
-1.071200477955971e-04
7.228942361378210e-04
-9.044749876180560e-05
9.683671232671967e-04
-7.758738267385471e-05
7.313432134592483e-04
-1.202530488425450e-04
6.245479332092028e-04
7.208150307879247e-06
6.439691354828668e-04
-1.780377988190035e-05
6.733955745654432e-04
-1.400199114410884e-05
8.856825871723153e-04
2.772685581468328e-05
6.928167768391073e-04
-3.901392133388845e-05
5.457652732194891e-04
6.871366383344803e-05
5.779874046040926e-04
5.360175894199323e-05
5.847128892774046e-04
3.649153244884378e-05
6.169350206620080e-04
2.137962755738904e-05
-2.556547793807896e-04
-1.934687727985362e-03
5.473322108994882e-04
-5.414424679048195e-03
1.815295342336349e-03
-8.376974129127794e-03
3.284019880905020e-03
-1.082678319376004e-02
4.733326881584854e-03
-1.276829898848082e-02
5.987073188359337e-03
-1.420596862882600e-02
6.913151434216081e-03
-1.514423923033148e-02
7.423490041146828e-03
-1.558755790853314e-02
7.474053220147449e-03
-1.554037177896686e-02
7.064840971217945e-03
-1.500712795716852e-02
6.239889083362444e-03
-1.399227355867400e-02
5.087269134589205e-03
-1.250025569901919e-02
3.739088491910613e-03
-1.053552149373996e-02
2.371490311343186e-03
-8.102518058372206e-03
1.204653537907567e-03
-5.205692508451805e-03
5.027929056285324e-04
-1.849491959514638e-03
